buurt_idx,n_houses,total_addresses,mean_distance,pct_within_100m,pct_within_250m,pct_within_500m,date,hour
0,0,0,,,,,2024-07-19,0
1,1,1,4372.484767546796,0.0,0.0,0.0,2024-07-19,0
2,0,0,,,,,2024-07-19,0
3,2265,4088,493.5656801524531,2.8620352250489236,20.865949119373777,53.62035225048923,2024-07-19,0
4,316,662,360.2890713935339,0.4531722054380665,35.95166163141994,70.09063444108762,2024-07-19,0
5,478,676,765.920411127662,0.0,18.34319526627219,25.443786982248522,2024-07-19,0
6,551,774,622.0150591556654,0.0,0.0,10.20671834625323,2024-07-19,0
7,604,1293,405.9896031744198,3.3255993812838365,25.135344160866204,64.96519721577727,2024-07-19,0
8,820,1803,245.3161689573784,12.146422628951747,49.19578480310594,98.89073765945646,2024-07-19,0
9,1293,1758,526.8310734556712,1.0807736063708762,9.385665529010238,38.33902161547213,2024-07-19,0
10,698,1136,344.96860829753996,11.003521126760564,22.711267605633804,81.07394366197182,2024-07-19,0
11,856,1084,288.38174860967166,13.376383763837637,39.11439114391143,93.35793357933579,2024-07-19,0
12,2030,3678,294.84796391654925,8.183795541054922,32.62642740619902,98.31430125067972,2024-07-19,0
13,302,455,569.0419603423111,0.0,0.0,20.659340659340657,2024-07-19,0
14,1033,1764,467.1892859478142,0.0,12.585034013605442,54.13832199546486,2024-07-19,0
15,1810,2948,427.572100189856,0.44097693351424694,10.210312075983717,68.2157394843962,2024-07-19,0
16,1846,3146,220.44044903995564,11.379529561347743,59.408773045136684,100.0,2024-07-19,0
17,1167,2213,554.3112808041541,0.0,0.0,34.43289652056033,2024-07-19,0
18,593,940,459.50001653629363,0.0,3.829787234042553,67.5531914893617,2024-07-19,0
19,1646,2719,258.39905678785215,10.150790731886723,49.54027215888194,100.0,2024-07-19,0
20,3441,5180,224.26335442879676,13.204633204633204,64.94208494208495,95.8108108108108,2024-07-19,0
21,1224,2289,384.61975343999967,5.1550895587592835,17.47487986020096,83.26780253385758,2024-07-19,0
22,254,407,367.7929618863679,0.4914004914004914,28.00982800982801,78.13267813267814,2024-07-19,0
23,785,1634,240.57619748482156,11.015911872705018,50.48959608323133,100.0,2024-07-19,0
24,1765,3033,188.34267745514788,14.111440817672271,78.17342565117046,100.0,2024-07-19,0
25,653,1107,546.9526585127721,0.0,0.0,18.428184281842817,2024-07-19,0
26,1323,3207,269.58194616575815,6.79763018397256,38.41596507639539,99.2204552541316,2024-07-19,0
27,1521,3433,255.06357362046515,8.476551121468104,45.81998252257501,100.0,2024-07-19,0
28,1773,2076,513.0854961289498,0.7225433526011561,7.851637764932562,56.21387283236994,2024-07-19,0
29,100,210,272.13715040088994,0.0,48.095238095238095,98.09523809523809,2024-07-19,0
30,1031,2968,461.6494421535421,0.0,11.691374663072777,58.55795148247979,2024-07-19,0
31,550,550,677.1772489278928,0.0,0.0,38.18181818181819,2024-07-19,0
32,655,1002,363.21794855309463,11.87624750499002,53.39321357285429,69.061876247505,2024-07-19,0
33,2374,3319,1002.0696338282796,0.0,0.030129557095510694,9.701717384754444,2024-07-19,0
34,157,201,625.181669977129,0.0,0.0,0.9950248756218906,2024-07-19,0
35,3724,5534,415.4033876515418,4.029634983736899,22.35272858691724,66.84134441633537,2024-07-19,0
36,1596,2997,284.18174284987987,7.340674007340674,42.34234234234234,97.16383049716383,2024-07-19,0
37,346,1194,294.40805206214424,0.0,22.529313232830823,100.0,2024-07-19,0
38,2317,3640,519.2693238987534,0.0,0.8791208791208791,44.83516483516484,2024-07-19,0
39,844,1995,492.60328959402136,10.025062656641603,15.037593984962406,40.6015037593985,2024-07-19,0
40,401,1166,377.75169828053845,0.0,24.78559176672384,69.55403087478558,2024-07-19,0
41,687,2180,222.21184073951434,10.825688073394495,59.22018348623853,100.0,2024-07-19,0
42,2008,3202,334.5717884256968,4.62211118051218,24.45346658338538,96.12742036227357,2024-07-19,0
43,643,1314,330.6135514774951,1.750380517503805,22.526636225266362,97.86910197869102,2024-07-19,0
44,1650,3794,311.0469647711127,5.21876647337902,37.717448603057456,89.06167633104903,2024-07-19,0
45,3476,6025,171.19256744078046,21.74273858921162,82.45643153526972,100.0,2024-07-19,0
46,2039,3491,223.41470124607005,14.437124033228303,59.66771698653681,100.0,2024-07-19,0
47,2382,4047,232.3020356056284,10.35334815913022,54.55893254262416,100.0,2024-07-19,0
48,3976,7160,153.495770785575,25.20949720670391,87.45810055865921,100.0,2024-07-19,0
49,676,1187,537.7730194756288,0.0,0.0,34.45661331086774,2024-07-19,0
50,135,420,288.8409877519637,34.285714285714285,64.76190476190476,83.33333333333334,2024-07-19,0
51,853,2982,667.4492486018333,0.0,1.4419852448021462,29.912810194500334,2024-07-19,0
52,538,1590,245.45437938473827,10.817610062893083,50.44025157232704,99.87421383647799,2024-07-19,0
53,285,377,1144.7089695994887,0.0,0.0,0.5305039787798408,2024-07-19,0
54,1292,3880,344.94574699257566,3.556701030927835,30.103092783505154,82.91237113402062,2024-07-19,0
55,1020,3067,304.6102754527159,0.22823606129768503,21.878056732963806,100.0,2024-07-19,0
56,1406,2495,281.63485553461186,9.338677354709418,35.51102204408817,98.91783567134269,2024-07-19,0
57,2196,5249,355.67973374196794,4.705658220613451,33.77786244999047,74.45227662411888,2024-07-19,0
58,2027,4649,135.77199383151063,47.64465476446548,88.29855882985588,100.0,2024-07-19,0
59,314,576,173.9539223459916,3.9930555555555554,97.91666666666666,100.0,2024-07-19,0
60,1030,1918,222.43701769003067,16.006256517205422,50.156412930135566,100.0,2024-07-19,0
61,2298,4746,169.57499578860438,33.03834808259587,73.83059418457648,100.0,2024-07-19,0
62,1313,1907,418.42307643093704,3.56581017304667,24.383848977451493,59.41269008914526,2024-07-19,0
63,1146,2455,180.95936589878303,11.405295315682281,77.06720977596741,100.0,2024-07-19,0
64,2284,4458,156.87650105876057,38.335576491700316,80.12561686855092,100.0,2024-07-19,0
65,3004,6050,311.4131434236652,8.826446280991735,41.32231404958678,85.17355371900827,2024-07-19,0
66,2169,4253,496.01333229089175,0.0,1.4577944980014106,55.23160122266635,2024-07-19,0
67,1225,2632,554.2485640080253,0.0,5.813069908814589,38.183890577507604,2024-07-19,0
68,921,1801,398.32226038603636,0.0,6.385341476957246,91.7823431426985,2024-07-19,0
69,1057,1853,376.0342080336912,4.155423637344846,11.76470588235294,86.77819751753913,2024-07-19,0
70,1369,2573,394.90795290334006,1.2436844150796735,11.69840652934318,81.84998056743102,2024-07-19,0
71,1514,3024,321.5708957299251,0.8267195767195766,19.17989417989418,100.0,2024-07-19,0
72,846,2081,237.1575138757813,3.8923594425756844,61.172513214800574,100.0,2024-07-19,0
73,1409,3470,311.6220143219432,2.420749279538905,30.547550432276655,96.68587896253602,2024-07-19,0
74,3542,8463,272.8308182310088,5.730828311473473,42.73898144865887,96.14793808342196,2024-07-19,0
75,1467,3612,390.2272121391291,1.8549280177187155,15.337763012181615,79.9280177187154,2024-07-19,0
76,1232,3420,472.2320902499644,3.625730994152047,14.269005847953217,51.11111111111111,2024-07-19,0
77,1757,4759,789.1995458722683,0.0,0.0,5.778524900189115,2024-07-19,0
78,474,943,851.1257423535121,13.57370095440085,13.891834570519618,27.67762460233298,2024-07-19,0
79,959,3124,289.52811417249796,8.25864276568502,36.93982074263765,99.8719590268886,2024-07-19,0
80,1903,3627,452.8821535343968,0.6617038875103392,11.855527984560242,58.86407499310725,2024-07-19,0
81,1180,3537,292.36731385077474,5.484874187164263,30.449533502968617,99.94345490528697,2024-07-19,0
82,11,101,146.13220726677363,0.0,99.00990099009901,100.0,2024-07-19,0
83,900,1763,584.92468281543,0.0,2.7226318774815654,26.602382302892796,2024-07-19,0
84,1296,3323,311.8691676004824,8.245561239843514,37.13511886849233,86.45801986157086,2024-07-19,0
85,1112,3224,367.6275221225738,5.303970223325062,32.59925558312655,72.98387096774194,2024-07-19,0
86,1164,2420,526.5107614225666,0.0,0.0,39.710743801652896,2024-07-19,0
87,1011,1723,400.76149283413844,0.0,23.50551363900174,68.6012768427162,2024-07-19,0
88,831,3238,320.8452274796508,0.0,37.02903026559605,86.90549722050649,2024-07-19,0
89,1762,3735,455.36914218645853,4.551539491298527,14.67202141900937,50.20080321285141,2024-07-19,0
90,1350,1613,329.39103777729804,4.091754494730316,37.011779293242405,82.33106013639183,2024-07-19,0
91,1961,3517,344.4754419653219,4.549331816889395,29.257890247369918,83.45180551606482,2024-07-19,0
92,2332,5184,312.6014286243512,2.9320987654320985,34.62577160493827,92.97839506172839,2024-07-19,0
93,1752,3924,445.32240364821473,3.4403669724770642,17.252803261977572,56.625891946992866,2024-07-19,0
94,1547,1902,1235.7605127037928,0.0,0.2103049421661409,0.36803364879074657,2024-07-19,0
95,1261,1556,450.07398835908316,0.3213367609254499,20.629820051413883,54.88431876606684,2024-07-19,0
96,2543,3155,381.46971439825717,5.26148969889065,30.459587955625988,75.87955625990492,2024-07-19,0
97,1025,1066,572.5429623189319,0.0,0.0,31.801125703564725,2024-07-19,0
98,63,63,1843.2033668962763,0.0,0.0,0.0,2024-07-19,0
99,0,0,,,,,2024-07-19,0
100,188,350,2613.0094934260364,0.0,0.0,0.0,2024-07-19,0
101,635,668,2976.911720150998,0.0,0.0,0.0,2024-07-19,0
102,0,0,,,,,2024-07-19,0
103,2089,2686,3354.102117168887,0.0,0.0,0.0,2024-07-19,0
104,1751,2032,3465.2483457633016,0.0,0.0,0.0,2024-07-19,0
105,1555,1672,3952.8187552294194,0.0,0.0,0.0,2024-07-19,0
106,1029,1100,4747.63798149262,0.0,0.0,0.0,2024-07-19,0
107,32,32,919.6526608693014,0.0,0.0,6.25,2024-07-19,0
108,0,0,,,,,2024-07-19,0
109,943,999,761.7586366584638,0.0,0.0,0.0,2024-07-19,0
110,902,998,1137.7116952472566,0.0,0.0,0.0,2024-07-19,0
111,1114,1315,669.058293344474,0.0,0.0,25.627376425855513,2024-07-19,0
112,1353,1484,1391.5342538141526,0.0,0.0,0.0,2024-07-19,0
113,145,334,699.3441330296827,0.0,0.0,6.287425149700598,2024-07-19,0
114,1589,2201,1168.971616206406,0.0,0.0,0.0,2024-07-19,0
115,263,269,1738.48781251407,0.0,0.0,0.0,2024-07-19,0
116,46,62,1669.8915220335257,0.0,0.0,0.0,2024-07-19,0
117,74,99,1764.170686249184,0.0,0.0,0.0,2024-07-19,0
118,53,68,746.5347808377136,0.0,0.0,0.0,2024-07-19,0
119,431,616,1342.1361613004074,0.0,0.0,0.0,2024-07-19,0
120,828,2075,1543.465452537131,0.0,0.0,0.0,2024-07-19,0
121,156,1249,2007.1014851482535,0.0,0.0,0.0,2024-07-19,0
122,178,1002,1826.3128930027453,0.0,0.0,0.0,2024-07-19,0
123,2,2,807.5418786974999,0.0,0.0,0.0,2024-07-19,0
124,172,1505,1523.189281629196,0.0,0.0,0.0,2024-07-19,0
125,260,1342,1947.6674903936369,0.0,0.0,0.0,2024-07-19,0
126,717,2197,2228.1373035416786,0.0,0.0,0.0,2024-07-19,0
127,0,0,,,,,2024-07-19,0
128,46,345,1635.144355485216,0.0,0.0,0.0,2024-07-19,0
129,1327,1569,934.8013541607448,0.0,0.0,0.0,2024-07-19,0
130,133,424,1355.0095853760122,0.0,0.0,0.0,2024-07-19,0
131,1087,2247,1565.7506513130725,0.0,0.0,0.0,2024-07-19,0
132,1066,3263,1537.1778848842782,0.0,0.0,0.0,2024-07-19,0
133,285,302,938.651340430254,0.0,0.0,0.0,2024-07-19,0
134,7,7,2864.425942855903,0.0,0.0,0.0,2024-07-19,0
135,160,165,3446.9649346148694,0.0,0.0,0.0,2024-07-19,0
136,4,4,2974.936704140425,0.0,0.0,0.0,2024-07-19,0
137,299,299,3784.5176962918563,0.0,0.0,0.0,2024-07-19,0
138,228,228,3318.998444668932,0.0,0.0,0.0,2024-07-19,0
139,552,564,2491.6535685404688,0.0,0.0,0.0,2024-07-19,0
140,92,92,1129.072594608313,0.0,0.0,0.0,2024-07-19,0
141,309,309,2788.6357916089783,0.0,0.0,0.0,2024-07-19,0
142,191,193,3072.0195949161844,0.0,0.0,0.0,2024-07-19,0
143,526,526,2248.654609075252,0.0,0.0,0.0,2024-07-19,0
144,207,207,2004.5741952344283,0.0,0.0,0.0,2024-07-19,0
145,2,2,2325.089000557885,0.0,0.0,0.0,2024-07-19,0
146,0,0,,,,,2024-07-19,0
147,38,38,1285.6400560155842,0.0,0.0,0.0,2024-07-19,0
148,447,476,659.855977618666,0.0,0.0,1.2605042016806722,2024-07-19,0
149,1380,1391,684.4656353832696,0.0,0.0,10.783608914450037,2024-07-19,0
150,945,945,1887.3217521938461,0.0,0.0,0.0,2024-07-19,0
151,34,34,854.2357277268457,0.0,0.0,0.0,2024-07-19,0
152,23,24,1320.60170964322,0.0,0.0,0.0,2024-07-19,0
153,60,60,2168.9538525577245,0.0,0.0,0.0,2024-07-19,0
154,122,122,1079.9532926908432,0.0,0.0,0.0,2024-07-19,0
155,624,624,688.8106630295866,0.0,0.0,4.166666666666666,2024-07-19,0
156,0,0,,,,,2024-07-19,0
157,0,0,,,,,2024-07-19,0
158,138,139,569.191337361892,0.0,0.0,14.388489208633093,2024-07-19,0
159,238,238,604.703836858407,0.0,0.0,26.89075630252101,2024-07-19,0
160,299,299,315.8134293648931,2.6755852842809364,32.10702341137124,99.33110367892976,2024-07-19,0
161,391,391,271.647955350669,3.8363171355498724,39.89769820971867,100.0,2024-07-19,0
162,315,315,611.7654717489477,0.0,0.0,24.444444444444443,2024-07-19,0
163,498,498,620.7827396182716,0.0,0.0,10.843373493975903,2024-07-19,0
164,527,527,773.4393480080283,0.0,0.0,0.0,2024-07-19,0
165,1111,1111,482.68234073463526,0.0,14.581458145814583,57.78577857785778,2024-07-19,0
166,1425,1425,1048.3738512959878,0.0,0.0,0.0,2024-07-19,0
167,1665,1729,1404.3114425186563,0.0,0.0,0.0,2024-07-19,0
168,1154,1211,1555.5507666653855,0.0,0.0,0.0,2024-07-19,0
169,1200,1243,881.7517518113316,0.0,0.0,0.0,2024-07-19,0
170,2355,2411,984.2173348205467,0.0,0.0,0.0,2024-07-19,0
171,498,498,1017.542842590836,0.0,0.0,0.0,2024-07-19,0
172,1794,1794,1125.4222728378957,0.0,0.0,3.511705685618729,2024-07-19,0
173,1583,1583,689.0839386966426,0.0,0.0,12.634238787113075,2024-07-19,0
174,1154,1187,1706.970728534539,0.0,0.0,0.0,2024-07-19,0
175,150,160,1953.61583059135,0.0,0.0,0.0,2024-07-19,0
176,824,824,1394.6198326617641,0.0,0.0,0.0,2024-07-19,0
177,1697,1697,668.3553259806009,1.4142604596346495,8.36770771950501,25.456688273423687,2024-07-19,0
178,1430,1430,1594.1031875839074,0.0,0.0,0.0,2024-07-19,0
179,646,646,3507.7064776659445,0.0,0.0,0.0,2024-07-19,0
180,611,611,3946.8021431586794,0.0,0.0,0.0,2024-07-19,0
0,0,0,,,,,2024-07-19,1
1,1,1,4372.484767546796,0.0,0.0,0.0,2024-07-19,1
2,0,0,,,,,2024-07-19,1
3,2265,4088,493.5656801524531,2.8620352250489236,20.865949119373777,53.62035225048923,2024-07-19,1
4,316,662,360.2890713935339,0.4531722054380665,35.95166163141994,70.09063444108762,2024-07-19,1
5,478,676,765.920411127662,0.0,18.34319526627219,25.443786982248522,2024-07-19,1
6,551,774,622.0150591556654,0.0,0.0,10.20671834625323,2024-07-19,1
7,604,1293,405.9896031744198,3.3255993812838365,25.135344160866204,64.96519721577727,2024-07-19,1
8,820,1803,245.3161689573784,12.146422628951747,49.19578480310594,98.89073765945646,2024-07-19,1
9,1293,1758,526.8310734556712,1.0807736063708762,9.385665529010238,38.33902161547213,2024-07-19,1
10,698,1136,344.96860829753996,11.003521126760564,22.711267605633804,81.07394366197182,2024-07-19,1
11,856,1084,288.38174860967166,13.376383763837637,39.11439114391143,93.35793357933579,2024-07-19,1
12,2030,3678,294.84796391654925,8.183795541054922,32.62642740619902,98.31430125067972,2024-07-19,1
13,302,455,569.0419603423111,0.0,0.0,20.659340659340657,2024-07-19,1
14,1033,1764,469.43926769127125,0.0,12.585034013605442,53.85487528344671,2024-07-19,1
15,1810,2948,427.572100189856,0.44097693351424694,10.210312075983717,68.2157394843962,2024-07-19,1
16,1846,3146,310.387561623643,5.785123966942149,34.36109345200254,94.37380801017164,2024-07-19,1
17,1167,2213,661.2112674387365,0.0,0.0,10.076818798011749,2024-07-19,1
18,593,940,548.0434184895984,0.0,3.829787234042553,30.106382978723406,2024-07-19,1
19,1646,2719,258.39905678785215,10.150790731886723,49.54027215888194,100.0,2024-07-19,1
20,3441,5180,224.2702188420291,13.204633204633204,64.94208494208495,95.8108108108108,2024-07-19,1
21,1224,2289,384.61975343999967,5.1550895587592835,17.47487986020096,83.26780253385758,2024-07-19,1
22,254,407,409.1938366993869,0.4914004914004914,28.00982800982801,48.64864864864865,2024-07-19,1
23,785,1634,318.7335722282547,3.610771113831089,18.176254589963282,98.531211750306,2024-07-19,1
24,1765,3033,208.41041476819117,11.968348170128586,68.87570062644247,100.0,2024-07-19,1
25,653,1107,546.9526585127721,0.0,0.0,18.428184281842817,2024-07-19,1
26,1323,3207,269.58194616575815,6.79763018397256,38.41596507639539,99.2204552541316,2024-07-19,1
27,1521,3433,255.06357362046515,8.476551121468104,45.81998252257501,100.0,2024-07-19,1
28,1773,2076,513.0854961289498,0.7225433526011561,7.851637764932562,56.21387283236994,2024-07-19,1
29,100,210,272.13715040088994,0.0,48.095238095238095,98.09523809523809,2024-07-19,1
30,1031,2968,461.6494421535421,0.0,11.691374663072777,58.55795148247979,2024-07-19,1
31,550,550,677.1772489278928,0.0,0.0,38.18181818181819,2024-07-19,1
32,655,1002,363.21794855309463,11.87624750499002,53.39321357285429,69.061876247505,2024-07-19,1
33,2374,3319,1002.0696338282796,0.0,0.030129557095510694,9.701717384754444,2024-07-19,1
34,157,201,625.181669977129,0.0,0.0,0.9950248756218906,2024-07-19,1
35,3724,5534,415.4033876515418,4.029634983736899,22.35272858691724,66.84134441633537,2024-07-19,1
36,1596,2997,284.18174284987987,7.340674007340674,42.34234234234234,97.16383049716383,2024-07-19,1
37,346,1194,294.40805206214424,0.0,22.529313232830823,100.0,2024-07-19,1
38,2317,3640,519.2693238987534,0.0,0.8791208791208791,44.83516483516484,2024-07-19,1
39,844,1995,492.60328959402136,10.025062656641603,15.037593984962406,40.6015037593985,2024-07-19,1
40,401,1166,377.75169828053845,0.0,24.78559176672384,69.55403087478558,2024-07-19,1
41,687,2180,222.21184073951434,10.825688073394495,59.22018348623853,100.0,2024-07-19,1
42,2008,3202,334.5717884256968,4.62211118051218,24.45346658338538,96.12742036227357,2024-07-19,1
43,643,1314,330.6135514774951,1.750380517503805,22.526636225266362,97.86910197869102,2024-07-19,1
44,1650,3794,311.0469647711127,5.21876647337902,37.717448603057456,89.06167633104903,2024-07-19,1
45,3476,6025,171.19256744078046,21.74273858921162,82.45643153526972,100.0,2024-07-19,1
46,2039,3491,223.41470124607005,14.437124033228303,59.66771698653681,100.0,2024-07-19,1
47,2382,4047,232.3020356056284,10.35334815913022,54.55893254262416,100.0,2024-07-19,1
48,3976,7160,153.495770785575,25.20949720670391,87.45810055865921,100.0,2024-07-19,1
49,676,1187,537.7730194756288,0.0,0.0,34.45661331086774,2024-07-19,1
50,135,420,288.8409877519637,34.285714285714285,64.76190476190476,83.33333333333334,2024-07-19,1
51,853,2982,667.4492486018333,0.0,1.4419852448021462,29.912810194500334,2024-07-19,1
52,538,1590,245.45437938473827,10.817610062893083,50.44025157232704,99.87421383647799,2024-07-19,1
53,285,377,1144.7089695994887,0.0,0.0,0.5305039787798408,2024-07-19,1
54,1292,3880,344.94574699257566,3.556701030927835,30.103092783505154,82.91237113402062,2024-07-19,1
55,1020,3067,259.943554489332,0.22823606129768503,38.31105314639713,100.0,2024-07-19,1
56,1406,2495,281.63485553461186,9.338677354709418,35.51102204408817,98.91783567134269,2024-07-19,1
57,2196,5249,355.67973374196794,4.705658220613451,33.77786244999047,74.45227662411888,2024-07-19,1
58,2027,4649,142.64664088148146,41.621854162185414,87.73929877392987,100.0,2024-07-19,1
59,314,576,173.9539223459916,3.9930555555555554,97.91666666666666,100.0,2024-07-19,1
60,1030,1918,206.98976392679725,18.039624608967674,59.801876955161624,100.0,2024-07-19,1
61,2298,4746,169.57499578860438,33.03834808259587,73.83059418457648,100.0,2024-07-19,1
62,1313,1907,419.48302193717944,2.674357629785003,24.383848977451493,59.41269008914526,2024-07-19,1
63,1146,2455,181.93736127393933,11.079429735234216,78.90020366598777,100.0,2024-07-19,1
64,2284,4458,161.12954183880296,35.374607447285776,80.12561686855092,100.0,2024-07-19,1
65,3004,6050,311.4131434236652,8.826446280991735,41.32231404958678,85.17355371900827,2024-07-19,1
66,2169,4253,496.01333229089175,0.0,1.4577944980014106,55.23160122266635,2024-07-19,1
67,1225,2632,554.2485640080253,0.0,5.813069908814589,38.183890577507604,2024-07-19,1
68,921,1801,398.32226038603636,0.0,6.385341476957246,91.7823431426985,2024-07-19,1
69,1057,1853,376.0342080336912,4.155423637344846,11.76470588235294,86.77819751753913,2024-07-19,1
70,1369,2573,394.90795290334006,1.2436844150796735,11.69840652934318,81.84998056743102,2024-07-19,1
71,1514,3024,321.5708957299251,0.8267195767195766,19.17989417989418,100.0,2024-07-19,1
72,846,2081,237.1575138757813,3.8923594425756844,61.172513214800574,100.0,2024-07-19,1
73,1409,3470,311.6220143219432,2.420749279538905,30.547550432276655,96.68587896253602,2024-07-19,1
74,3542,8463,272.8308182310088,5.730828311473473,42.73898144865887,96.14793808342196,2024-07-19,1
75,1467,3612,390.2272121391291,1.8549280177187155,15.337763012181615,79.9280177187154,2024-07-19,1
76,1232,3420,472.2320902499644,3.625730994152047,14.269005847953217,51.11111111111111,2024-07-19,1
77,1757,4759,789.1995458722683,0.0,0.0,5.778524900189115,2024-07-19,1
78,474,943,851.1257423535121,13.57370095440085,13.891834570519618,27.67762460233298,2024-07-19,1
79,959,3124,289.52811417249796,8.25864276568502,36.93982074263765,99.8719590268886,2024-07-19,1
80,1903,3627,452.8821535343968,0.6617038875103392,11.855527984560242,58.86407499310725,2024-07-19,1
81,1180,3537,292.36731385077474,5.484874187164263,30.449533502968617,99.94345490528697,2024-07-19,1
82,11,101,146.13220726677363,0.0,99.00990099009901,100.0,2024-07-19,1
83,900,1763,584.92468281543,0.0,2.7226318774815654,26.602382302892796,2024-07-19,1
84,1296,3323,311.8691676004824,8.245561239843514,37.13511886849233,86.45801986157086,2024-07-19,1
85,1112,3224,367.6275221225738,5.303970223325062,32.59925558312655,72.98387096774194,2024-07-19,1
86,1164,2420,526.5107614225666,0.0,0.0,39.710743801652896,2024-07-19,1
87,1011,1723,400.76149283413844,0.0,23.50551363900174,68.6012768427162,2024-07-19,1
88,831,3238,321.0556887491871,0.0,37.02903026559605,86.90549722050649,2024-07-19,1
89,1762,3735,455.36914218645853,4.551539491298527,14.67202141900937,50.20080321285141,2024-07-19,1
90,1350,1613,329.39103777729804,4.091754494730316,37.011779293242405,82.33106013639183,2024-07-19,1
91,1961,3517,344.4754419653219,4.549331816889395,29.257890247369918,83.45180551606482,2024-07-19,1
92,2332,5184,312.6014286243512,2.9320987654320985,34.62577160493827,92.97839506172839,2024-07-19,1
93,1752,3924,445.32240364821473,3.4403669724770642,17.252803261977572,56.625891946992866,2024-07-19,1
94,1547,1902,1235.7605127037928,0.0,0.2103049421661409,0.36803364879074657,2024-07-19,1
95,1261,1556,450.07398835908316,0.3213367609254499,20.629820051413883,54.88431876606684,2024-07-19,1
96,2543,3155,381.46971439825717,5.26148969889065,30.459587955625988,75.87955625990492,2024-07-19,1
97,1025,1066,572.5429623189319,0.0,0.0,31.801125703564725,2024-07-19,1
98,63,63,1843.2033668962763,0.0,0.0,0.0,2024-07-19,1
99,0,0,,,,,2024-07-19,1
100,188,350,2613.0094934260364,0.0,0.0,0.0,2024-07-19,1
101,635,668,2976.911720150998,0.0,0.0,0.0,2024-07-19,1
102,0,0,,,,,2024-07-19,1
103,2089,2686,3354.102117168887,0.0,0.0,0.0,2024-07-19,1
104,1751,2032,3465.2483457633016,0.0,0.0,0.0,2024-07-19,1
105,1555,1672,3952.8187552294194,0.0,0.0,0.0,2024-07-19,1
106,1029,1100,4747.63798149262,0.0,0.0,0.0,2024-07-19,1
107,32,32,919.6526608693014,0.0,0.0,6.25,2024-07-19,1
108,0,0,,,,,2024-07-19,1
109,943,999,761.7586366584638,0.0,0.0,0.0,2024-07-19,1
110,902,998,1137.7116952472566,0.0,0.0,0.0,2024-07-19,1
111,1114,1315,669.058293344474,0.0,0.0,25.627376425855513,2024-07-19,1
112,1353,1484,1391.5342538141526,0.0,0.0,0.0,2024-07-19,1
113,145,334,699.3441330296827,0.0,0.0,6.287425149700598,2024-07-19,1
114,1589,2201,1168.971616206406,0.0,0.0,0.0,2024-07-19,1
115,263,269,1738.48781251407,0.0,0.0,0.0,2024-07-19,1
116,46,62,1669.8915220335257,0.0,0.0,0.0,2024-07-19,1
117,74,99,1764.170686249184,0.0,0.0,0.0,2024-07-19,1
118,53,68,746.5347808377136,0.0,0.0,0.0,2024-07-19,1
119,431,616,1342.1361613004074,0.0,0.0,0.0,2024-07-19,1
120,828,2075,1543.465452537131,0.0,0.0,0.0,2024-07-19,1
121,156,1249,2007.1014851482535,0.0,0.0,0.0,2024-07-19,1
122,178,1002,1826.3128930027453,0.0,0.0,0.0,2024-07-19,1
123,2,2,807.5418786974999,0.0,0.0,0.0,2024-07-19,1
124,172,1505,1523.189281629196,0.0,0.0,0.0,2024-07-19,1
125,260,1342,1947.6674903936369,0.0,0.0,0.0,2024-07-19,1
126,717,2197,2228.1373035416786,0.0,0.0,0.0,2024-07-19,1
127,0,0,,,,,2024-07-19,1
128,46,345,1635.144355485216,0.0,0.0,0.0,2024-07-19,1
129,1327,1569,934.8013541607448,0.0,0.0,0.0,2024-07-19,1
130,133,424,1355.0095853760122,0.0,0.0,0.0,2024-07-19,1
131,1087,2247,1565.7506513130725,0.0,0.0,0.0,2024-07-19,1
132,1066,3263,1537.1778848842782,0.0,0.0,0.0,2024-07-19,1
133,285,302,938.651340430254,0.0,0.0,0.0,2024-07-19,1
134,7,7,2864.425942855903,0.0,0.0,0.0,2024-07-19,1
135,160,165,3446.9649346148694,0.0,0.0,0.0,2024-07-19,1
136,4,4,2974.936704140425,0.0,0.0,0.0,2024-07-19,1
137,299,299,3784.5176962918563,0.0,0.0,0.0,2024-07-19,1
138,228,228,3318.998444668932,0.0,0.0,0.0,2024-07-19,1
139,552,564,2491.6535685404688,0.0,0.0,0.0,2024-07-19,1
140,92,92,1129.072594608313,0.0,0.0,0.0,2024-07-19,1
141,309,309,2788.6357916089783,0.0,0.0,0.0,2024-07-19,1
142,191,193,3072.0195949161844,0.0,0.0,0.0,2024-07-19,1
143,526,526,2248.654609075252,0.0,0.0,0.0,2024-07-19,1
144,207,207,2004.5741952344283,0.0,0.0,0.0,2024-07-19,1
145,2,2,2325.089000557885,0.0,0.0,0.0,2024-07-19,1
146,0,0,,,,,2024-07-19,1
147,38,38,1285.6400560155842,0.0,0.0,0.0,2024-07-19,1
148,447,476,659.855977618666,0.0,0.0,1.2605042016806722,2024-07-19,1
149,1380,1391,684.4656353832696,0.0,0.0,10.783608914450037,2024-07-19,1
150,945,945,1887.3217521938461,0.0,0.0,0.0,2024-07-19,1
151,34,34,854.2357277268457,0.0,0.0,0.0,2024-07-19,1
152,23,24,1320.60170964322,0.0,0.0,0.0,2024-07-19,1
153,60,60,2168.9538525577245,0.0,0.0,0.0,2024-07-19,1
154,122,122,1079.9532926908432,0.0,0.0,0.0,2024-07-19,1
155,624,624,688.8106630295866,0.0,0.0,4.166666666666666,2024-07-19,1
156,0,0,,,,,2024-07-19,1
157,0,0,,,,,2024-07-19,1
158,138,139,569.191337361892,0.0,0.0,14.388489208633093,2024-07-19,1
159,238,238,604.703836858407,0.0,0.0,26.89075630252101,2024-07-19,1
160,299,299,315.8134293648931,2.6755852842809364,32.10702341137124,99.33110367892976,2024-07-19,1
161,391,391,271.647955350669,3.8363171355498724,39.89769820971867,100.0,2024-07-19,1
162,315,315,611.7654717489477,0.0,0.0,24.444444444444443,2024-07-19,1
163,498,498,620.7827396182716,0.0,0.0,10.843373493975903,2024-07-19,1
164,527,527,773.4393480080283,0.0,0.0,0.0,2024-07-19,1
165,1111,1111,482.68234073463526,0.0,14.581458145814583,57.78577857785778,2024-07-19,1
166,1425,1425,1048.3738512959878,0.0,0.0,0.0,2024-07-19,1
167,1665,1729,1404.3114425186563,0.0,0.0,0.0,2024-07-19,1
168,1154,1211,1555.5507666653855,0.0,0.0,0.0,2024-07-19,1
169,1200,1243,881.7517518113316,0.0,0.0,0.0,2024-07-19,1
170,2355,2411,984.2173348205467,0.0,0.0,0.0,2024-07-19,1
171,498,498,1017.542842590836,0.0,0.0,0.0,2024-07-19,1
172,1794,1794,1125.4222728378957,0.0,0.0,3.511705685618729,2024-07-19,1
173,1583,1583,689.0839386966426,0.0,0.0,12.634238787113075,2024-07-19,1
174,1154,1187,1706.970728534539,0.0,0.0,0.0,2024-07-19,1
175,150,160,1953.61583059135,0.0,0.0,0.0,2024-07-19,1
176,824,824,1394.6198326617641,0.0,0.0,0.0,2024-07-19,1
177,1697,1697,668.3553259806009,1.4142604596346495,8.36770771950501,25.456688273423687,2024-07-19,1
178,1430,1430,1594.1031875839074,0.0,0.0,0.0,2024-07-19,1
179,646,646,3507.7064776659445,0.0,0.0,0.0,2024-07-19,1
180,611,611,3946.8021431586794,0.0,0.0,0.0,2024-07-19,1
0,0,0,,,,,2024-07-19,2
1,1,1,4372.484767546796,0.0,0.0,0.0,2024-07-19,2
2,0,0,,,,,2024-07-19,2
3,2265,4088,493.5656801524531,2.8620352250489236,20.865949119373777,53.62035225048923,2024-07-19,2
4,316,662,360.2890713935339,0.4531722054380665,35.95166163141994,70.09063444108762,2024-07-19,2
5,478,676,765.920411127662,0.0,18.34319526627219,25.443786982248522,2024-07-19,2
6,551,774,504.9899944947853,0.0,0.0,48.57881136950905,2024-07-19,2
7,604,1293,405.9896031744198,3.3255993812838365,25.135344160866204,64.96519721577727,2024-07-19,2
8,820,1803,245.3161689573784,12.146422628951747,49.19578480310594,98.89073765945646,2024-07-19,2
9,1293,1758,526.8310734556712,1.0807736063708762,9.385665529010238,38.33902161547213,2024-07-19,2
10,698,1136,318.8051753542903,11.003521126760564,22.711267605633804,90.3169014084507,2024-07-19,2
11,856,1084,149.54384008395536,28.321033210332104,89.11439114391145,100.0,2024-07-19,2
12,2030,3678,294.84796391654925,8.183795541054922,32.62642740619902,98.31430125067972,2024-07-19,2
13,302,455,569.0419603423111,0.0,0.0,20.659340659340657,2024-07-19,2
14,1033,1764,469.43926769127125,0.0,12.585034013605442,53.85487528344671,2024-07-19,2
15,1810,2948,427.572100189856,0.44097693351424694,10.210312075983717,68.2157394843962,2024-07-19,2
16,1846,3146,310.387561623643,5.785123966942149,34.36109345200254,94.37380801017164,2024-07-19,2
17,1167,2213,661.2112674387365,0.0,0.0,10.076818798011749,2024-07-19,2
18,593,940,548.0434184895984,0.0,3.829787234042553,30.106382978723406,2024-07-19,2
19,1646,2719,258.39905678785215,10.150790731886723,49.54027215888194,100.0,2024-07-19,2
20,3441,5180,224.2702188420291,13.204633204633204,64.94208494208495,95.8108108108108,2024-07-19,2
21,1224,2289,384.61975343999967,5.1550895587592835,17.47487986020096,83.26780253385758,2024-07-19,2
22,254,407,409.1938366993869,0.4914004914004914,28.00982800982801,48.64864864864865,2024-07-19,2
23,785,1634,318.7335722282547,3.610771113831089,18.176254589963282,98.531211750306,2024-07-19,2
24,1765,3033,208.41041476819117,11.968348170128586,68.87570062644247,100.0,2024-07-19,2
25,653,1107,546.9526585127721,0.0,0.0,18.428184281842817,2024-07-19,2
26,1323,3207,269.58194616575815,6.79763018397256,38.41596507639539,99.2204552541316,2024-07-19,2
27,1521,3433,255.06357362046515,8.476551121468104,45.81998252257501,100.0,2024-07-19,2
28,1773,2076,664.9479439098978,0.0,0.0,27.504816955684007,2024-07-19,2
29,100,210,272.13715040088994,0.0,48.095238095238095,98.09523809523809,2024-07-19,2
30,1031,2968,461.6494421535421,0.0,11.691374663072777,58.55795148247979,2024-07-19,2
31,550,550,677.1772489278928,0.0,0.0,38.18181818181819,2024-07-19,2
32,655,1002,363.21794855309463,11.87624750499002,53.39321357285429,69.061876247505,2024-07-19,2
33,2374,3319,1002.0696338282796,0.0,0.030129557095510694,9.701717384754444,2024-07-19,2
34,157,201,625.181669977129,0.0,0.0,0.9950248756218906,2024-07-19,2
35,3724,5534,415.4033876515418,4.029634983736899,22.35272858691724,66.84134441633537,2024-07-19,2
36,1596,2997,284.18174284987987,7.340674007340674,42.34234234234234,97.16383049716383,2024-07-19,2
37,346,1194,294.40805206214424,0.0,22.529313232830823,100.0,2024-07-19,2
38,2317,3640,519.2693238987534,0.0,0.8791208791208791,44.83516483516484,2024-07-19,2
39,844,1995,492.60328959402136,10.025062656641603,15.037593984962406,40.6015037593985,2024-07-19,2
40,401,1166,377.75169828053845,0.0,24.78559176672384,69.55403087478558,2024-07-19,2
41,687,2180,222.21184073951434,10.825688073394495,59.22018348623853,100.0,2024-07-19,2
42,2008,3202,334.5717884256968,4.62211118051218,24.45346658338538,96.12742036227357,2024-07-19,2
43,643,1314,330.6135514774951,1.750380517503805,22.526636225266362,97.86910197869102,2024-07-19,2
44,1650,3794,311.0469647711127,5.21876647337902,37.717448603057456,89.06167633104903,2024-07-19,2
45,3476,6025,171.19256744078046,21.74273858921162,82.45643153526972,100.0,2024-07-19,2
46,2039,3491,223.41470124607005,14.437124033228303,59.66771698653681,100.0,2024-07-19,2
47,2382,4047,232.3020356056284,10.35334815913022,54.55893254262416,100.0,2024-07-19,2
48,3976,7160,160.62294270238448,22.821229050279328,85.01396648044692,100.0,2024-07-19,2
49,676,1187,538.9100146200435,0.0,0.0,34.372367312552655,2024-07-19,2
50,135,420,288.8409877519637,34.285714285714285,64.76190476190476,83.33333333333334,2024-07-19,2
51,853,2982,667.4492486018333,0.0,1.4419852448021462,29.912810194500334,2024-07-19,2
52,538,1590,245.45437938473827,10.817610062893083,50.44025157232704,99.87421383647799,2024-07-19,2
53,285,377,1144.7089695994887,0.0,0.0,0.5305039787798408,2024-07-19,2
54,1292,3880,344.94574699257566,3.556701030927835,30.103092783505154,82.91237113402062,2024-07-19,2
55,1020,3067,309.0270646569695,0.22823606129768503,21.878056732963806,100.0,2024-07-19,2
56,1406,2495,281.63485553461186,9.338677354709418,35.51102204408817,98.91783567134269,2024-07-19,2
57,2196,5249,355.67973374196794,4.705658220613451,33.77786244999047,74.45227662411888,2024-07-19,2
58,2027,4649,142.39447834882435,41.621854162185414,88.12647881264787,100.0,2024-07-19,2
59,314,576,173.9539223459916,3.9930555555555554,97.91666666666666,100.0,2024-07-19,2
60,1030,1918,230.08440772831548,16.006256517205422,48.22732012513035,100.0,2024-07-19,2
61,2298,4746,206.25944277608963,18.394437420986094,65.04424778761062,100.0,2024-07-19,2
62,1313,1907,453.0528316100292,1.3633980073413738,14.997378080755114,53.801782905086526,2024-07-19,2
63,1146,2455,212.06287993971821,6.191446028513238,70.22403258655805,100.0,2024-07-19,2
64,2284,4458,164.09907550168066,35.374607447285776,78.488111260655,100.0,2024-07-19,2
65,3004,6050,311.4131434236652,8.826446280991735,41.32231404958678,85.17355371900827,2024-07-19,2
66,2169,4253,496.01333229089175,0.0,1.4577944980014106,55.23160122266635,2024-07-19,2
67,1225,2632,554.2485640080253,0.0,5.813069908814589,38.183890577507604,2024-07-19,2
68,921,1801,398.32226038603636,0.0,6.385341476957246,91.7823431426985,2024-07-19,2
69,1057,1853,376.0342080336912,4.155423637344846,11.76470588235294,86.77819751753913,2024-07-19,2
70,1369,2573,394.90795290334006,1.2436844150796735,11.69840652934318,81.84998056743102,2024-07-19,2
71,1514,3024,321.5708957299251,0.8267195767195766,19.17989417989418,100.0,2024-07-19,2
72,846,2081,237.1575138757813,3.8923594425756844,61.172513214800574,100.0,2024-07-19,2
73,1409,3470,311.6220143219432,2.420749279538905,30.547550432276655,96.68587896253602,2024-07-19,2
74,3542,8463,272.8308182310088,5.730828311473473,42.73898144865887,96.14793808342196,2024-07-19,2
75,1467,3612,390.2272121391291,1.8549280177187155,15.337763012181615,79.9280177187154,2024-07-19,2
76,1232,3420,472.2320902499644,3.625730994152047,14.269005847953217,51.11111111111111,2024-07-19,2
77,1757,4759,789.1995458722683,0.0,0.0,5.778524900189115,2024-07-19,2
78,474,943,851.1257423535121,13.57370095440085,13.891834570519618,27.67762460233298,2024-07-19,2
79,959,3124,289.52811417249796,8.25864276568502,36.93982074263765,99.8719590268886,2024-07-19,2
80,1903,3627,452.8821535343968,0.6617038875103392,11.855527984560242,58.86407499310725,2024-07-19,2
81,1180,3537,292.36731385077474,5.484874187164263,30.449533502968617,99.94345490528697,2024-07-19,2
82,11,101,146.13220726677363,0.0,99.00990099009901,100.0,2024-07-19,2
83,900,1763,584.92468281543,0.0,2.7226318774815654,26.602382302892796,2024-07-19,2
84,1296,3323,311.8691676004824,8.245561239843514,37.13511886849233,86.45801986157086,2024-07-19,2
85,1112,3224,367.6275221225738,5.303970223325062,32.59925558312655,72.98387096774194,2024-07-19,2
86,1164,2420,526.5107614225666,0.0,0.0,39.710743801652896,2024-07-19,2
87,1011,1723,400.76149283413844,0.0,23.50551363900174,68.6012768427162,2024-07-19,2
88,831,3238,270.3962375036087,0.3088326127239036,51.791229153798646,100.0,2024-07-19,2
89,1762,3735,455.36914218645853,4.551539491298527,14.67202141900937,50.20080321285141,2024-07-19,2
90,1350,1613,329.39103777729804,4.091754494730316,37.011779293242405,82.33106013639183,2024-07-19,2
91,1961,3517,344.4754419653219,4.549331816889395,29.257890247369918,83.45180551606482,2024-07-19,2
92,2332,5184,312.5808021063974,2.9320987654320985,34.62577160493827,93.07484567901234,2024-07-19,2
93,1752,3924,391.97116915158887,3.4403669724770642,17.252803261977572,74.54128440366972,2024-07-19,2
94,1547,1902,561.1323117491883,21.451104100946374,21.766561514195583,38.380651945320714,2024-07-19,2
95,1261,1556,450.07398835908316,0.3213367609254499,20.629820051413883,54.88431876606684,2024-07-19,2
96,2543,3155,381.46971439825717,5.26148969889065,30.459587955625988,75.87955625990492,2024-07-19,2
97,1025,1066,572.5429623189319,0.0,0.0,31.801125703564725,2024-07-19,2
98,63,63,1621.8101158801824,0.0,0.0,0.0,2024-07-19,2
99,0,0,,,,,2024-07-19,2
100,188,350,2613.0094934260364,0.0,0.0,0.0,2024-07-19,2
101,635,668,2961.5227688999125,0.0,0.0,0.0,2024-07-19,2
102,0,0,,,,,2024-07-19,2
103,2089,2686,3353.5969271354506,0.0,0.0,0.0,2024-07-19,2
104,1751,2032,3465.2483457633016,0.0,0.0,0.0,2024-07-19,2
105,1555,1672,3952.8187552294194,0.0,0.0,0.0,2024-07-19,2
106,1029,1100,4747.63798149262,0.0,0.0,0.0,2024-07-19,2
107,32,32,919.6526608693014,0.0,0.0,6.25,2024-07-19,2
108,0,0,,,,,2024-07-19,2
109,943,999,760.7395143134336,0.0,0.0,0.0,2024-07-19,2
110,902,998,1137.7116952472566,0.0,0.0,0.0,2024-07-19,2
111,1114,1315,669.058293344474,0.0,0.0,25.627376425855513,2024-07-19,2
112,1353,1484,1391.5342538141526,0.0,0.0,0.0,2024-07-19,2
113,145,334,699.3441330296827,0.0,0.0,6.287425149700598,2024-07-19,2
114,1589,2201,1168.971616206406,0.0,0.0,0.0,2024-07-19,2
115,263,269,1738.48781251407,0.0,0.0,0.0,2024-07-19,2
116,46,62,1669.8915220335257,0.0,0.0,0.0,2024-07-19,2
117,74,99,1764.170686249184,0.0,0.0,0.0,2024-07-19,2
118,53,68,746.5347808377136,0.0,0.0,0.0,2024-07-19,2
119,431,616,1342.1361613004074,0.0,0.0,0.0,2024-07-19,2
120,828,2075,1543.465452537131,0.0,0.0,0.0,2024-07-19,2
121,156,1249,2007.1014851482535,0.0,0.0,0.0,2024-07-19,2
122,178,1002,1826.3128930027453,0.0,0.0,0.0,2024-07-19,2
123,2,2,807.5418786974999,0.0,0.0,0.0,2024-07-19,2
124,172,1505,1523.189281629196,0.0,0.0,0.0,2024-07-19,2
125,260,1342,1947.6674903936369,0.0,0.0,0.0,2024-07-19,2
126,717,2197,2228.1373035416786,0.0,0.0,0.0,2024-07-19,2
127,0,0,,,,,2024-07-19,2
128,46,345,1635.144355485216,0.0,0.0,0.0,2024-07-19,2
129,1327,1569,934.8013541607448,0.0,0.0,0.0,2024-07-19,2
130,133,424,1355.0095853760122,0.0,0.0,0.0,2024-07-19,2
131,1087,2247,1565.7506513130725,0.0,0.0,0.0,2024-07-19,2
132,1066,3263,1537.1778848842782,0.0,0.0,0.0,2024-07-19,2
133,285,302,938.651340430254,0.0,0.0,0.0,2024-07-19,2
134,7,7,2864.425942855903,0.0,0.0,0.0,2024-07-19,2
135,160,165,3446.9649346148694,0.0,0.0,0.0,2024-07-19,2
136,4,4,2974.936704140425,0.0,0.0,0.0,2024-07-19,2
137,299,299,3784.5176962918563,0.0,0.0,0.0,2024-07-19,2
138,228,228,3318.998444668932,0.0,0.0,0.0,2024-07-19,2
139,552,564,2491.6535685404688,0.0,0.0,0.0,2024-07-19,2
140,92,92,1129.072594608313,0.0,0.0,0.0,2024-07-19,2
141,309,309,2788.6357916089783,0.0,0.0,0.0,2024-07-19,2
142,191,193,3072.0195949161844,0.0,0.0,0.0,2024-07-19,2
143,526,526,2248.654609075252,0.0,0.0,0.0,2024-07-19,2
144,207,207,2004.5741952344283,0.0,0.0,0.0,2024-07-19,2
145,2,2,2325.089000557885,0.0,0.0,0.0,2024-07-19,2
146,0,0,,,,,2024-07-19,2
147,38,38,1285.6400560155842,0.0,0.0,0.0,2024-07-19,2
148,447,476,659.855977618666,0.0,0.0,1.2605042016806722,2024-07-19,2
149,1380,1391,684.4656353832696,0.0,0.0,10.783608914450037,2024-07-19,2
150,945,945,1887.3217521938461,0.0,0.0,0.0,2024-07-19,2
151,34,34,854.2357277268457,0.0,0.0,0.0,2024-07-19,2
152,23,24,1320.60170964322,0.0,0.0,0.0,2024-07-19,2
153,60,60,2168.9538525577245,0.0,0.0,0.0,2024-07-19,2
154,122,122,1079.9532926908432,0.0,0.0,0.0,2024-07-19,2
155,624,624,688.8106630295866,0.0,0.0,4.166666666666666,2024-07-19,2
156,0,0,,,,,2024-07-19,2
157,0,0,,,,,2024-07-19,2
158,138,139,569.191337361892,0.0,0.0,14.388489208633093,2024-07-19,2
159,238,238,604.703836858407,0.0,0.0,26.89075630252101,2024-07-19,2
160,299,299,315.8134293648931,2.6755852842809364,32.10702341137124,99.33110367892976,2024-07-19,2
161,391,391,271.647955350669,3.8363171355498724,39.89769820971867,100.0,2024-07-19,2
162,315,315,611.7654717489477,0.0,0.0,24.444444444444443,2024-07-19,2
163,498,498,620.7827396182716,0.0,0.0,10.843373493975903,2024-07-19,2
164,527,527,773.4393480080283,0.0,0.0,0.0,2024-07-19,2
165,1111,1111,482.68234073463526,0.0,14.581458145814583,57.78577857785778,2024-07-19,2
166,1425,1425,1048.3738512959878,0.0,0.0,0.0,2024-07-19,2
167,1665,1729,1403.1341756529096,0.0,0.0,0.0,2024-07-19,2
168,1154,1211,1412.9662148336754,0.0,0.0,0.0,2024-07-19,2
169,1200,1243,881.7517518113316,0.0,0.0,0.0,2024-07-19,2
170,2355,2411,984.2173348205467,0.0,0.0,0.0,2024-07-19,2
171,498,498,1017.542842590836,0.0,0.0,0.0,2024-07-19,2
172,1794,1794,898.4311043445632,0.0,0.0,3.511705685618729,2024-07-19,2
173,1583,1583,689.0790141071524,0.0,0.0,12.634238787113075,2024-07-19,2
174,1154,1187,1295.3978365755436,0.0,0.0,0.0,2024-07-19,2
175,150,160,1683.7327810638003,0.0,0.0,0.0,2024-07-19,2
176,824,824,984.4901205012465,0.0,0.0,0.0,2024-07-19,2
177,1697,1697,668.3553259806009,1.4142604596346495,8.36770771950501,25.456688273423687,2024-07-19,2
178,1430,1430,1543.1670778249222,0.0,0.0,0.0,2024-07-19,2
179,646,646,3507.7064776659445,0.0,0.0,0.0,2024-07-19,2
180,611,611,3946.8021431586794,0.0,0.0,0.0,2024-07-19,2
0,0,0,,,,,2024-07-19,3
1,1,1,4372.484767546796,0.0,0.0,0.0,2024-07-19,3
2,0,0,,,,,2024-07-19,3
3,2265,4088,1059.332429850254,0.0,0.0,0.0,2024-07-19,3
4,316,662,360.17647807836823,0.4531722054380665,35.95166163141994,70.09063444108762,2024-07-19,3
5,478,676,765.920411127662,0.0,18.34319526627219,25.443786982248522,2024-07-19,3
6,551,774,504.9899944947853,0.0,0.0,48.57881136950905,2024-07-19,3
7,604,1293,405.9896031744198,3.3255993812838365,25.135344160866204,64.96519721577727,2024-07-19,3
8,820,1803,245.3161689573784,12.146422628951747,49.19578480310594,98.89073765945646,2024-07-19,3
9,1293,1758,526.8310734556712,1.0807736063708762,9.385665529010238,38.33902161547213,2024-07-19,3
10,698,1136,318.8051753542903,11.003521126760564,22.711267605633804,90.3169014084507,2024-07-19,3
11,856,1084,149.54384008395536,28.321033210332104,89.11439114391145,100.0,2024-07-19,3
12,2030,3678,294.84796391654925,8.183795541054922,32.62642740619902,98.31430125067972,2024-07-19,3
13,302,455,436.0505978282769,0.0,0.0,66.37362637362637,2024-07-19,3
14,1033,1764,343.2189741116726,0.7936507936507936,24.546485260770975,92.06349206349206,2024-07-19,3
15,1810,2948,402.620734316612,0.44097693351424694,10.210312075983717,76.28900949796473,2024-07-19,3
16,1846,3146,431.5617622012909,3.9097266369993644,23.585505403687222,58.2326764144946,2024-07-19,3
17,1167,2213,286.39825746109307,6.05512878445549,37.41527338454587,99.32218707636692,2024-07-19,3
18,593,940,710.906636334396,0.0,0.0,3.0851063829787235,2024-07-19,3
19,1646,2719,258.39905678785215,10.150790731886723,49.54027215888194,100.0,2024-07-19,3
20,3441,5180,206.50840145309013,13.416988416988417,68.12741312741312,100.0,2024-07-19,3
21,1224,2289,355.43880964286154,5.1550895587592835,17.64962865880297,97.07295762341633,2024-07-19,3
22,254,407,409.1938366993869,0.4914004914004914,28.00982800982801,48.64864864864865,2024-07-19,3
23,785,1634,318.7335722282547,3.610771113831089,18.176254589963282,98.531211750306,2024-07-19,3
24,1765,3033,208.41041476819117,11.968348170128586,68.87570062644247,100.0,2024-07-19,3
25,653,1107,546.9526585127721,0.0,0.0,18.428184281842817,2024-07-19,3
26,1323,3207,269.58194616575815,6.79763018397256,38.41596507639539,99.2204552541316,2024-07-19,3
27,1521,3433,255.06357362046515,8.476551121468104,45.81998252257501,100.0,2024-07-19,3
28,1773,2076,664.9479439098978,0.0,0.0,27.504816955684007,2024-07-19,3
29,100,210,272.13715040088994,0.0,48.095238095238095,98.09523809523809,2024-07-19,3
30,1031,2968,461.6494421535421,0.0,11.691374663072777,58.55795148247979,2024-07-19,3
31,550,550,677.1772489278928,0.0,0.0,38.18181818181819,2024-07-19,3
32,655,1002,363.21794855309463,11.87624750499002,53.39321357285429,69.061876247505,2024-07-19,3
33,2374,3319,1002.0696338282796,0.0,0.030129557095510694,9.701717384754444,2024-07-19,3
34,157,201,625.181669977129,0.0,0.0,0.9950248756218906,2024-07-19,3
35,3724,5534,415.4033876515418,4.029634983736899,22.35272858691724,66.84134441633537,2024-07-19,3
36,1596,2997,284.18174284987987,7.340674007340674,42.34234234234234,97.16383049716383,2024-07-19,3
37,346,1194,294.40805206214424,0.0,22.529313232830823,100.0,2024-07-19,3
38,2317,3640,519.2693238987534,0.0,0.8791208791208791,44.83516483516484,2024-07-19,3
39,844,1995,492.60328959402136,10.025062656641603,15.037593984962406,40.6015037593985,2024-07-19,3
40,401,1166,377.75169828053845,0.0,24.78559176672384,69.55403087478558,2024-07-19,3
41,687,2180,222.21184073951434,10.825688073394495,59.22018348623853,100.0,2024-07-19,3
42,2008,3202,334.5717884256968,4.62211118051218,24.45346658338538,96.12742036227357,2024-07-19,3
43,643,1314,330.6135514774951,1.750380517503805,22.526636225266362,97.86910197869102,2024-07-19,3
44,1650,3794,311.0469647711127,5.21876647337902,37.717448603057456,89.06167633104903,2024-07-19,3
45,3476,6025,171.19256744078046,21.74273858921162,82.45643153526972,100.0,2024-07-19,3
46,2039,3491,223.41470124607005,14.437124033228303,59.66771698653681,100.0,2024-07-19,3
47,2382,4047,232.3020356056284,10.35334815913022,54.55893254262416,100.0,2024-07-19,3
48,3976,7160,160.62294270238448,22.821229050279328,85.01396648044692,100.0,2024-07-19,3
49,676,1187,538.9100146200435,0.0,0.0,34.372367312552655,2024-07-19,3
50,135,420,288.8409877519637,34.285714285714285,64.76190476190476,83.33333333333334,2024-07-19,3
51,853,2982,667.4492486018333,0.0,1.4419852448021462,29.912810194500334,2024-07-19,3
52,538,1590,245.45437938473827,10.817610062893083,50.44025157232704,99.87421383647799,2024-07-19,3
53,285,377,1144.7089695994887,0.0,0.0,0.5305039787798408,2024-07-19,3
54,1292,3880,344.94574699257566,3.556701030927835,30.103092783505154,82.91237113402062,2024-07-19,3
55,1020,3067,309.0270646569695,0.22823606129768503,21.878056732963806,100.0,2024-07-19,3
56,1406,2495,281.63485553461186,9.338677354709418,35.51102204408817,98.91783567134269,2024-07-19,3
57,2196,5249,355.67973374196794,4.705658220613451,33.77786244999047,74.45227662411888,2024-07-19,3
58,2027,4649,142.39447834882435,41.621854162185414,88.12647881264787,100.0,2024-07-19,3
59,314,576,173.9539223459916,3.9930555555555554,97.91666666666666,100.0,2024-07-19,3
60,1030,1918,230.08440772831548,16.006256517205422,48.22732012513035,100.0,2024-07-19,3
61,2298,4746,206.25944277608963,18.394437420986094,65.04424778761062,100.0,2024-07-19,3
62,1313,1907,453.0528316100292,1.3633980073413738,14.997378080755114,53.801782905086526,2024-07-19,3
63,1146,2455,212.06287993971821,6.191446028513238,70.22403258655805,100.0,2024-07-19,3
64,2284,4458,164.09907550168066,35.374607447285776,78.488111260655,100.0,2024-07-19,3
65,3004,6050,311.4131434236652,8.826446280991735,41.32231404958678,85.17355371900827,2024-07-19,3
66,2169,4253,496.01333229089175,0.0,1.4577944980014106,55.23160122266635,2024-07-19,3
67,1225,2632,554.2485640080253,0.0,5.813069908814589,38.183890577507604,2024-07-19,3
68,921,1801,398.32226038603636,0.0,6.385341476957246,91.7823431426985,2024-07-19,3
69,1057,1853,376.0342080336912,4.155423637344846,11.76470588235294,86.77819751753913,2024-07-19,3
70,1369,2573,394.90795290334006,1.2436844150796735,11.69840652934318,81.84998056743102,2024-07-19,3
71,1514,3024,321.5708957299251,0.8267195767195766,19.17989417989418,100.0,2024-07-19,3
72,846,2081,237.1575138757813,3.8923594425756844,61.172513214800574,100.0,2024-07-19,3
73,1409,3470,311.6220143219432,2.420749279538905,30.547550432276655,96.68587896253602,2024-07-19,3
74,3542,8463,272.8308182310088,5.730828311473473,42.73898144865887,96.14793808342196,2024-07-19,3
75,1467,3612,390.2272121391291,1.8549280177187155,15.337763012181615,79.9280177187154,2024-07-19,3
76,1232,3420,472.2320902499644,3.625730994152047,14.269005847953217,51.11111111111111,2024-07-19,3
77,1757,4759,789.1995458722683,0.0,0.0,5.778524900189115,2024-07-19,3
78,474,943,851.1257423535121,13.57370095440085,13.891834570519618,27.67762460233298,2024-07-19,3
79,959,3124,289.52811417249796,8.25864276568502,36.93982074263765,99.8719590268886,2024-07-19,3
80,1903,3627,452.8821535343968,0.6617038875103392,11.855527984560242,58.86407499310725,2024-07-19,3
81,1180,3537,292.36731385077474,5.484874187164263,30.449533502968617,99.94345490528697,2024-07-19,3
82,11,101,146.13220726677363,0.0,99.00990099009901,100.0,2024-07-19,3
83,900,1763,584.92468281543,0.0,2.7226318774815654,26.602382302892796,2024-07-19,3
84,1296,3323,311.8691676004824,8.245561239843514,37.13511886849233,86.45801986157086,2024-07-19,3
85,1112,3224,367.6275221225738,5.303970223325062,32.59925558312655,72.98387096774194,2024-07-19,3
86,1164,2420,526.5107614225666,0.0,0.0,39.710743801652896,2024-07-19,3
87,1011,1723,400.76149283413844,0.0,23.50551363900174,68.6012768427162,2024-07-19,3
88,831,3238,270.3962375036087,0.3088326127239036,51.791229153798646,100.0,2024-07-19,3
89,1762,3735,455.36914218645853,4.551539491298527,14.67202141900937,50.20080321285141,2024-07-19,3
90,1350,1613,329.39103777729804,4.091754494730316,37.011779293242405,82.33106013639183,2024-07-19,3
91,1961,3517,344.4754419653219,4.549331816889395,29.257890247369918,83.45180551606482,2024-07-19,3
92,2332,5184,312.5808021063974,2.9320987654320985,34.62577160493827,93.07484567901234,2024-07-19,3
93,1752,3924,391.97116915158887,3.4403669724770642,17.252803261977572,74.54128440366972,2024-07-19,3
94,1547,1902,561.1323117491883,21.451104100946374,21.766561514195583,38.380651945320714,2024-07-19,3
95,1261,1556,450.07398835908316,0.3213367609254499,20.629820051413883,54.88431876606684,2024-07-19,3
96,2543,3155,381.46971439825717,5.26148969889065,30.459587955625988,75.87955625990492,2024-07-19,3
97,1025,1066,572.5429623189319,0.0,0.0,31.801125703564725,2024-07-19,3
98,63,63,1621.8101158801824,0.0,0.0,0.0,2024-07-19,3
99,0,0,,,,,2024-07-19,3
100,188,350,2613.0094934260364,0.0,0.0,0.0,2024-07-19,3
101,635,668,2961.5227688999125,0.0,0.0,0.0,2024-07-19,3
102,0,0,,,,,2024-07-19,3
103,2089,2686,3353.5969271354506,0.0,0.0,0.0,2024-07-19,3
104,1751,2032,3465.2483457633016,0.0,0.0,0.0,2024-07-19,3
105,1555,1672,3952.8187552294194,0.0,0.0,0.0,2024-07-19,3
106,1029,1100,4747.63798149262,0.0,0.0,0.0,2024-07-19,3
107,32,32,919.6526608693014,0.0,0.0,6.25,2024-07-19,3
108,0,0,,,,,2024-07-19,3
109,943,999,760.7395143134336,0.0,0.0,0.0,2024-07-19,3
110,902,998,1137.7116952472566,0.0,0.0,0.0,2024-07-19,3
111,1114,1315,669.058293344474,0.0,0.0,25.627376425855513,2024-07-19,3
112,1353,1484,1391.5342538141526,0.0,0.0,0.0,2024-07-19,3
113,145,334,699.3441330296827,0.0,0.0,6.287425149700598,2024-07-19,3
114,1589,2201,1168.971616206406,0.0,0.0,0.0,2024-07-19,3
115,263,269,1738.48781251407,0.0,0.0,0.0,2024-07-19,3
116,46,62,1669.8915220335257,0.0,0.0,0.0,2024-07-19,3
117,74,99,1764.170686249184,0.0,0.0,0.0,2024-07-19,3
118,53,68,746.5347808377136,0.0,0.0,0.0,2024-07-19,3
119,431,616,1342.1361613004074,0.0,0.0,0.0,2024-07-19,3
120,828,2075,1543.465452537131,0.0,0.0,0.0,2024-07-19,3
121,156,1249,2007.1014851482535,0.0,0.0,0.0,2024-07-19,3
122,178,1002,1826.3128930027453,0.0,0.0,0.0,2024-07-19,3
123,2,2,807.5418786974999,0.0,0.0,0.0,2024-07-19,3
124,172,1505,1523.189281629196,0.0,0.0,0.0,2024-07-19,3
125,260,1342,1947.6674903936369,0.0,0.0,0.0,2024-07-19,3
126,717,2197,2228.1373035416786,0.0,0.0,0.0,2024-07-19,3
127,0,0,,,,,2024-07-19,3
128,46,345,1635.144355485216,0.0,0.0,0.0,2024-07-19,3
129,1327,1569,934.8013541607448,0.0,0.0,0.0,2024-07-19,3
130,133,424,1355.0095853760122,0.0,0.0,0.0,2024-07-19,3
131,1087,2247,1565.7506513130725,0.0,0.0,0.0,2024-07-19,3
132,1066,3263,1537.1778848842782,0.0,0.0,0.0,2024-07-19,3
133,285,302,938.651340430254,0.0,0.0,0.0,2024-07-19,3
134,7,7,2864.425942855903,0.0,0.0,0.0,2024-07-19,3
135,160,165,3446.9649346148694,0.0,0.0,0.0,2024-07-19,3
136,4,4,2974.936704140425,0.0,0.0,0.0,2024-07-19,3
137,299,299,3784.5176962918563,0.0,0.0,0.0,2024-07-19,3
138,228,228,3318.998444668932,0.0,0.0,0.0,2024-07-19,3
139,552,564,2491.6535685404688,0.0,0.0,0.0,2024-07-19,3
140,92,92,1129.072594608313,0.0,0.0,0.0,2024-07-19,3
141,309,309,2788.6357916089783,0.0,0.0,0.0,2024-07-19,3
142,191,193,3072.0195949161844,0.0,0.0,0.0,2024-07-19,3
143,526,526,2248.654609075252,0.0,0.0,0.0,2024-07-19,3
144,207,207,2004.5741952344283,0.0,0.0,0.0,2024-07-19,3
145,2,2,2325.089000557885,0.0,0.0,0.0,2024-07-19,3
146,0,0,,,,,2024-07-19,3
147,38,38,1285.6400560155842,0.0,0.0,0.0,2024-07-19,3
148,447,476,659.855977618666,0.0,0.0,1.2605042016806722,2024-07-19,3
149,1380,1391,684.4656353832696,0.0,0.0,10.783608914450037,2024-07-19,3
150,945,945,1887.3217521938461,0.0,0.0,0.0,2024-07-19,3
151,34,34,854.2357277268457,0.0,0.0,0.0,2024-07-19,3
152,23,24,1320.60170964322,0.0,0.0,0.0,2024-07-19,3
153,60,60,2168.9538525577245,0.0,0.0,0.0,2024-07-19,3
154,122,122,1079.9532926908432,0.0,0.0,0.0,2024-07-19,3
155,624,624,688.8106630295866,0.0,0.0,4.166666666666666,2024-07-19,3
156,0,0,,,,,2024-07-19,3
157,0,0,,,,,2024-07-19,3
158,138,139,569.191337361892,0.0,0.0,14.388489208633093,2024-07-19,3
159,238,238,604.703836858407,0.0,0.0,26.89075630252101,2024-07-19,3
160,299,299,315.8134293648931,2.6755852842809364,32.10702341137124,99.33110367892976,2024-07-19,3
161,391,391,271.647955350669,3.8363171355498724,39.89769820971867,100.0,2024-07-19,3
162,315,315,611.7654717489477,0.0,0.0,24.444444444444443,2024-07-19,3
163,498,498,620.7827396182716,0.0,0.0,10.843373493975903,2024-07-19,3
164,527,527,773.4393480080283,0.0,0.0,0.0,2024-07-19,3
165,1111,1111,482.68234073463526,0.0,14.581458145814583,57.78577857785778,2024-07-19,3
166,1425,1425,1048.3738512959878,0.0,0.0,0.0,2024-07-19,3
167,1665,1729,1403.1341756529096,0.0,0.0,0.0,2024-07-19,3
168,1154,1211,1412.9662148336754,0.0,0.0,0.0,2024-07-19,3
169,1200,1243,881.7517518113316,0.0,0.0,0.0,2024-07-19,3
170,2355,2411,984.2173348205467,0.0,0.0,0.0,2024-07-19,3
171,498,498,1017.542842590836,0.0,0.0,0.0,2024-07-19,3
172,1794,1794,898.4311043445632,0.0,0.0,3.511705685618729,2024-07-19,3
173,1583,1583,689.0790141071524,0.0,0.0,12.634238787113075,2024-07-19,3
174,1154,1187,1295.3978365755436,0.0,0.0,0.0,2024-07-19,3
175,150,160,1683.7327810638003,0.0,0.0,0.0,2024-07-19,3
176,824,824,984.4901205012465,0.0,0.0,0.0,2024-07-19,3
177,1697,1697,668.3553259806009,1.4142604596346495,8.36770771950501,25.456688273423687,2024-07-19,3
178,1430,1430,1543.1670778249222,0.0,0.0,0.0,2024-07-19,3
179,646,646,3507.7064776659445,0.0,0.0,0.0,2024-07-19,3
180,611,611,3946.8021431586794,0.0,0.0,0.0,2024-07-19,3
0,0,0,,,,,2024-07-19,4
1,1,1,4372.484767546796,0.0,0.0,0.0,2024-07-19,4
2,0,0,,,,,2024-07-19,4
3,2265,4088,1059.332429850254,0.0,0.0,0.0,2024-07-19,4
4,316,662,360.17647807836823,0.4531722054380665,35.95166163141994,70.09063444108762,2024-07-19,4
5,478,676,765.920411127662,0.0,18.34319526627219,25.443786982248522,2024-07-19,4
6,551,774,504.9899944947853,0.0,0.0,48.57881136950905,2024-07-19,4
7,604,1293,405.9896031744198,3.3255993812838365,25.135344160866204,64.96519721577727,2024-07-19,4
8,820,1803,245.3161689573784,12.146422628951747,49.19578480310594,98.89073765945646,2024-07-19,4
9,1293,1758,526.8310734556712,1.0807736063708762,9.385665529010238,38.33902161547213,2024-07-19,4
10,698,1136,318.8051753542903,11.003521126760564,22.711267605633804,90.3169014084507,2024-07-19,4
11,856,1084,149.54384008395536,28.321033210332104,89.11439114391145,100.0,2024-07-19,4
12,2030,3678,294.84796391654925,8.183795541054922,32.62642740619902,98.31430125067972,2024-07-19,4
13,302,455,436.0505978282769,0.0,0.0,66.37362637362637,2024-07-19,4
14,1033,1764,343.2189741116726,0.7936507936507936,24.546485260770975,92.06349206349206,2024-07-19,4
15,1810,2948,402.620734316612,0.44097693351424694,10.210312075983717,76.28900949796473,2024-07-19,4
16,1846,3146,431.5617622012909,3.9097266369993644,23.585505403687222,58.2326764144946,2024-07-19,4
17,1167,2213,286.39825746109307,6.05512878445549,37.41527338454587,99.32218707636692,2024-07-19,4
18,593,940,710.906636334396,0.0,0.0,3.0851063829787235,2024-07-19,4
19,1646,2719,258.39905678785215,10.150790731886723,49.54027215888194,100.0,2024-07-19,4
20,3441,5180,206.50840145309013,13.416988416988417,68.12741312741312,100.0,2024-07-19,4
21,1224,2289,355.43880964286154,5.1550895587592835,17.64962865880297,97.07295762341633,2024-07-19,4
22,254,407,409.1938366993869,0.4914004914004914,28.00982800982801,48.64864864864865,2024-07-19,4
23,785,1634,318.7335722282547,3.610771113831089,18.176254589963282,98.531211750306,2024-07-19,4
24,1765,3033,208.41041476819117,11.968348170128586,68.87570062644247,100.0,2024-07-19,4
25,653,1107,546.9526585127721,0.0,0.0,18.428184281842817,2024-07-19,4
26,1323,3207,269.58194616575815,6.79763018397256,38.41596507639539,99.2204552541316,2024-07-19,4
27,1521,3433,255.06357362046515,8.476551121468104,45.81998252257501,100.0,2024-07-19,4
28,1773,2076,664.9479439098978,0.0,0.0,27.504816955684007,2024-07-19,4
29,100,210,272.13715040088994,0.0,48.095238095238095,98.09523809523809,2024-07-19,4
30,1031,2968,461.6494421535421,0.0,11.691374663072777,58.55795148247979,2024-07-19,4
31,550,550,677.1772489278928,0.0,0.0,38.18181818181819,2024-07-19,4
32,655,1002,363.21794855309463,11.87624750499002,53.39321357285429,69.061876247505,2024-07-19,4
33,2374,3319,1002.0696338282796,0.0,0.030129557095510694,9.701717384754444,2024-07-19,4
34,157,201,625.181669977129,0.0,0.0,0.9950248756218906,2024-07-19,4
35,3724,5534,415.4033876515418,4.029634983736899,22.35272858691724,66.84134441633537,2024-07-19,4
36,1596,2997,284.18174284987987,7.340674007340674,42.34234234234234,97.16383049716383,2024-07-19,4
37,346,1194,294.40805206214424,0.0,22.529313232830823,100.0,2024-07-19,4
38,2317,3640,519.2693238987534,0.0,0.8791208791208791,44.83516483516484,2024-07-19,4
39,844,1995,492.60328959402136,10.025062656641603,15.037593984962406,40.6015037593985,2024-07-19,4
40,401,1166,377.75169828053845,0.0,24.78559176672384,69.55403087478558,2024-07-19,4
41,687,2180,222.21184073951434,10.825688073394495,59.22018348623853,100.0,2024-07-19,4
42,2008,3202,334.5717884256968,4.62211118051218,24.45346658338538,96.12742036227357,2024-07-19,4
43,643,1314,330.6135514774951,1.750380517503805,22.526636225266362,97.86910197869102,2024-07-19,4
44,1650,3794,311.0469647711127,5.21876647337902,37.717448603057456,89.06167633104903,2024-07-19,4
45,3476,6025,171.19256744078046,21.74273858921162,82.45643153526972,100.0,2024-07-19,4
46,2039,3491,215.96259127707322,14.437124033228303,60.928100830707535,100.0,2024-07-19,4
47,2382,4047,192.769036527281,15.567086730911786,70.0271806276254,100.0,2024-07-19,4
48,3976,7160,171.66130163663817,18.491620111731844,82.55586592178771,100.0,2024-07-19,4
49,676,1187,538.9100146200435,0.0,0.0,34.372367312552655,2024-07-19,4
50,135,420,288.8409877519637,34.285714285714285,64.76190476190476,83.33333333333334,2024-07-19,4
51,853,2982,667.4492486018333,0.0,1.4419852448021462,29.912810194500334,2024-07-19,4
52,538,1590,245.45437938473827,10.817610062893083,50.44025157232704,99.87421383647799,2024-07-19,4
53,285,377,1144.7089695994887,0.0,0.0,0.5305039787798408,2024-07-19,4
54,1292,3880,344.94574699257566,3.556701030927835,30.103092783505154,82.91237113402062,2024-07-19,4
55,1020,3067,309.0270646569695,0.22823606129768503,21.878056732963806,100.0,2024-07-19,4
56,1406,2495,281.63485553461186,9.338677354709418,35.51102204408817,98.91783567134269,2024-07-19,4
57,2196,5249,355.67973374196794,4.705658220613451,33.77786244999047,74.45227662411888,2024-07-19,4
58,2027,4649,129.90133683442167,45.06345450634545,92.36394923639493,100.0,2024-07-19,4
59,314,576,173.9539223459916,3.9930555555555554,97.91666666666666,100.0,2024-07-19,4
60,1030,1918,224.23915278375407,16.006256517205422,51.199165797705945,100.0,2024-07-19,4
61,2298,4746,230.61335337102128,12.726506531816268,54.04551201011378,100.0,2024-07-19,4
62,1313,1907,484.315451469458,1.3633980073413738,14.315679077084425,50.131095962244366,2024-07-19,4
63,1146,2455,196.09496604752545,6.191446028513238,79.67413441955193,100.0,2024-07-19,4
64,2284,4458,155.89326819146817,40.35441902198295,79.29564827276806,100.0,2024-07-19,4
65,3004,6050,311.4131434236652,8.826446280991735,41.32231404958678,85.17355371900827,2024-07-19,4
66,2169,4253,496.01333229089175,0.0,1.4577944980014106,55.23160122266635,2024-07-19,4
67,1225,2632,554.2485640080253,0.0,5.813069908814589,38.183890577507604,2024-07-19,4
68,921,1801,398.32226038603636,0.0,6.385341476957246,91.7823431426985,2024-07-19,4
69,1057,1853,376.0342080336912,4.155423637344846,11.76470588235294,86.77819751753913,2024-07-19,4
70,1369,2573,394.90795290334006,1.2436844150796735,11.69840652934318,81.84998056743102,2024-07-19,4
71,1514,3024,321.5708957299251,0.8267195767195766,19.17989417989418,100.0,2024-07-19,4
72,846,2081,237.1575138757813,3.8923594425756844,61.172513214800574,100.0,2024-07-19,4
73,1409,3470,311.6220143219432,2.420749279538905,30.547550432276655,96.68587896253602,2024-07-19,4
74,3542,8463,272.8308182310088,5.730828311473473,42.73898144865887,96.14793808342196,2024-07-19,4
75,1467,3612,390.2272121391291,1.8549280177187155,15.337763012181615,79.9280177187154,2024-07-19,4
76,1232,3420,472.2320902499644,3.625730994152047,14.269005847953217,51.11111111111111,2024-07-19,4
77,1757,4759,789.1995458722683,0.0,0.0,5.778524900189115,2024-07-19,4
78,474,943,851.1257423535121,13.57370095440085,13.891834570519618,27.67762460233298,2024-07-19,4
79,959,3124,289.52811417249796,8.25864276568502,36.93982074263765,99.8719590268886,2024-07-19,4
80,1903,3627,452.8821535343968,0.6617038875103392,11.855527984560242,58.86407499310725,2024-07-19,4
81,1180,3537,292.36731385077474,5.484874187164263,30.449533502968617,99.94345490528697,2024-07-19,4
82,11,101,146.13220726677363,0.0,99.00990099009901,100.0,2024-07-19,4
83,900,1763,584.92468281543,0.0,2.7226318774815654,26.602382302892796,2024-07-19,4
84,1296,3323,311.8691676004824,8.245561239843514,37.13511886849233,86.45801986157086,2024-07-19,4
85,1112,3224,367.6275221225738,5.303970223325062,32.59925558312655,72.98387096774194,2024-07-19,4
86,1164,2420,526.5107614225666,0.0,0.0,39.710743801652896,2024-07-19,4
87,1011,1723,400.76149283413844,0.0,23.50551363900174,68.6012768427162,2024-07-19,4
88,831,3238,270.3962375036087,0.3088326127239036,51.791229153798646,100.0,2024-07-19,4
89,1762,3735,455.36914218645853,4.551539491298527,14.67202141900937,50.20080321285141,2024-07-19,4
90,1350,1613,329.39103777729804,4.091754494730316,37.011779293242405,82.33106013639183,2024-07-19,4
91,1961,3517,344.4754419653219,4.549331816889395,29.257890247369918,83.45180551606482,2024-07-19,4
92,2332,5184,312.5808021063974,2.9320987654320985,34.62577160493827,93.07484567901234,2024-07-19,4
93,1752,3924,391.97116915158887,3.4403669724770642,17.252803261977572,74.54128440366972,2024-07-19,4
94,1547,1902,561.1323117491883,21.451104100946374,21.766561514195583,38.380651945320714,2024-07-19,4
95,1261,1556,450.07398835908316,0.3213367609254499,20.629820051413883,54.88431876606684,2024-07-19,4
96,2543,3155,381.46971439825717,5.26148969889065,30.459587955625988,75.87955625990492,2024-07-19,4
97,1025,1066,572.5429623189319,0.0,0.0,31.801125703564725,2024-07-19,4
98,63,63,1621.8101158801824,0.0,0.0,0.0,2024-07-19,4
99,0,0,,,,,2024-07-19,4
100,188,350,2613.0094934260364,0.0,0.0,0.0,2024-07-19,4
101,635,668,2961.5227688999125,0.0,0.0,0.0,2024-07-19,4
102,0,0,,,,,2024-07-19,4
103,2089,2686,3353.5969271354506,0.0,0.0,0.0,2024-07-19,4
104,1751,2032,3465.2483457633016,0.0,0.0,0.0,2024-07-19,4
105,1555,1672,3952.8187552294194,0.0,0.0,0.0,2024-07-19,4
106,1029,1100,4747.63798149262,0.0,0.0,0.0,2024-07-19,4
107,32,32,919.6526608693014,0.0,0.0,6.25,2024-07-19,4
108,0,0,,,,,2024-07-19,4
109,943,999,760.7395143134336,0.0,0.0,0.0,2024-07-19,4
110,902,998,1137.7116952472566,0.0,0.0,0.0,2024-07-19,4
111,1114,1315,669.058293344474,0.0,0.0,25.627376425855513,2024-07-19,4
112,1353,1484,1391.5342538141526,0.0,0.0,0.0,2024-07-19,4
113,145,334,699.3441330296827,0.0,0.0,6.287425149700598,2024-07-19,4
114,1589,2201,1168.971616206406,0.0,0.0,0.0,2024-07-19,4
115,263,269,1738.48781251407,0.0,0.0,0.0,2024-07-19,4
116,46,62,1669.8915220335257,0.0,0.0,0.0,2024-07-19,4
117,74,99,1764.170686249184,0.0,0.0,0.0,2024-07-19,4
118,53,68,746.5347808377136,0.0,0.0,0.0,2024-07-19,4
119,431,616,1342.1361613004074,0.0,0.0,0.0,2024-07-19,4
120,828,2075,1543.465452537131,0.0,0.0,0.0,2024-07-19,4
121,156,1249,2007.1014851482535,0.0,0.0,0.0,2024-07-19,4
122,178,1002,1826.3128930027453,0.0,0.0,0.0,2024-07-19,4
123,2,2,807.5418786974999,0.0,0.0,0.0,2024-07-19,4
124,172,1505,1523.189281629196,0.0,0.0,0.0,2024-07-19,4
125,260,1342,1947.6674903936369,0.0,0.0,0.0,2024-07-19,4
126,717,2197,2228.1373035416786,0.0,0.0,0.0,2024-07-19,4
127,0,0,,,,,2024-07-19,4
128,46,345,1635.144355485216,0.0,0.0,0.0,2024-07-19,4
129,1327,1569,934.8013541607448,0.0,0.0,0.0,2024-07-19,4
130,133,424,1355.0095853760122,0.0,0.0,0.0,2024-07-19,4
131,1087,2247,1565.7506513130725,0.0,0.0,0.0,2024-07-19,4
132,1066,3263,1537.1778848842782,0.0,0.0,0.0,2024-07-19,4
133,285,302,938.651340430254,0.0,0.0,0.0,2024-07-19,4
134,7,7,2864.425942855903,0.0,0.0,0.0,2024-07-19,4
135,160,165,3446.9649346148694,0.0,0.0,0.0,2024-07-19,4
136,4,4,2974.936704140425,0.0,0.0,0.0,2024-07-19,4
137,299,299,3784.5176962918563,0.0,0.0,0.0,2024-07-19,4
138,228,228,3318.998444668932,0.0,0.0,0.0,2024-07-19,4
139,552,564,2491.6535685404688,0.0,0.0,0.0,2024-07-19,4
140,92,92,1129.072594608313,0.0,0.0,0.0,2024-07-19,4
141,309,309,2788.6357916089783,0.0,0.0,0.0,2024-07-19,4
142,191,193,3072.0195949161844,0.0,0.0,0.0,2024-07-19,4
143,526,526,2248.654609075252,0.0,0.0,0.0,2024-07-19,4
144,207,207,2004.5741952344283,0.0,0.0,0.0,2024-07-19,4
145,2,2,2325.089000557885,0.0,0.0,0.0,2024-07-19,4
146,0,0,,,,,2024-07-19,4
147,38,38,1285.6400560155842,0.0,0.0,0.0,2024-07-19,4
148,447,476,659.855977618666,0.0,0.0,1.2605042016806722,2024-07-19,4
149,1380,1391,684.4656353832696,0.0,0.0,10.783608914450037,2024-07-19,4
150,945,945,1887.3217521938461,0.0,0.0,0.0,2024-07-19,4
151,34,34,854.2357277268457,0.0,0.0,0.0,2024-07-19,4
152,23,24,1320.60170964322,0.0,0.0,0.0,2024-07-19,4
153,60,60,2168.9538525577245,0.0,0.0,0.0,2024-07-19,4
154,122,122,1079.9532926908432,0.0,0.0,0.0,2024-07-19,4
155,624,624,688.8106630295866,0.0,0.0,4.166666666666666,2024-07-19,4
156,0,0,,,,,2024-07-19,4
157,0,0,,,,,2024-07-19,4
158,138,139,569.191337361892,0.0,0.0,14.388489208633093,2024-07-19,4
159,238,238,604.703836858407,0.0,0.0,26.89075630252101,2024-07-19,4
160,299,299,315.8134293648931,2.6755852842809364,32.10702341137124,99.33110367892976,2024-07-19,4
161,391,391,271.647955350669,3.8363171355498724,39.89769820971867,100.0,2024-07-19,4
162,315,315,611.7654717489477,0.0,0.0,24.444444444444443,2024-07-19,4
163,498,498,620.7827396182716,0.0,0.0,10.843373493975903,2024-07-19,4
164,527,527,773.4393480080283,0.0,0.0,0.0,2024-07-19,4
165,1111,1111,482.68234073463526,0.0,14.581458145814583,57.78577857785778,2024-07-19,4
166,1425,1425,1048.3738512959878,0.0,0.0,0.0,2024-07-19,4
167,1665,1729,1403.1341756529096,0.0,0.0,0.0,2024-07-19,4
168,1154,1211,1412.9662148336754,0.0,0.0,0.0,2024-07-19,4
169,1200,1243,881.7517518113316,0.0,0.0,0.0,2024-07-19,4
170,2355,2411,984.2173348205467,0.0,0.0,0.0,2024-07-19,4
171,498,498,1017.542842590836,0.0,0.0,0.0,2024-07-19,4
172,1794,1794,898.4311043445632,0.0,0.0,3.511705685618729,2024-07-19,4
173,1583,1583,689.0790141071524,0.0,0.0,12.634238787113075,2024-07-19,4
174,1154,1187,1295.3978365755436,0.0,0.0,0.0,2024-07-19,4
175,150,160,1683.7327810638003,0.0,0.0,0.0,2024-07-19,4
176,824,824,984.4901205012465,0.0,0.0,0.0,2024-07-19,4
177,1697,1697,668.3553259806009,1.4142604596346495,8.36770771950501,25.456688273423687,2024-07-19,4
178,1430,1430,1543.1670778249222,0.0,0.0,0.0,2024-07-19,4
179,646,646,3507.7064776659445,0.0,0.0,0.0,2024-07-19,4
180,611,611,3946.8021431586794,0.0,0.0,0.0,2024-07-19,4
0,0,0,,,,,2024-07-19,5
1,1,1,4372.484767546796,0.0,0.0,0.0,2024-07-19,5
2,0,0,,,,,2024-07-19,5
3,2265,4088,1059.332429850254,0.0,0.0,0.0,2024-07-19,5
4,316,662,360.17647807836823,0.4531722054380665,35.95166163141994,70.09063444108762,2024-07-19,5
5,478,676,765.920411127662,0.0,18.34319526627219,25.443786982248522,2024-07-19,5
6,551,774,504.9899944947853,0.0,0.0,48.57881136950905,2024-07-19,5
7,604,1293,405.9896031744198,3.3255993812838365,25.135344160866204,64.96519721577727,2024-07-19,5
8,820,1803,245.3161689573784,12.146422628951747,49.19578480310594,98.89073765945646,2024-07-19,5
9,1293,1758,526.8310734556712,1.0807736063708762,9.385665529010238,38.33902161547213,2024-07-19,5
10,698,1136,318.8051753542903,11.003521126760564,22.711267605633804,90.3169014084507,2024-07-19,5
11,856,1084,149.54384008395536,28.321033210332104,89.11439114391145,100.0,2024-07-19,5
12,2030,3678,294.84796391654925,8.183795541054922,32.62642740619902,98.31430125067972,2024-07-19,5
13,302,455,436.0505978282769,0.0,0.0,66.37362637362637,2024-07-19,5
14,1033,1764,343.2189741116726,0.7936507936507936,24.546485260770975,92.06349206349206,2024-07-19,5
15,1810,2948,402.620734316612,0.44097693351424694,10.210312075983717,76.28900949796473,2024-07-19,5
16,1846,3146,431.5617622012909,3.9097266369993644,23.585505403687222,58.2326764144946,2024-07-19,5
17,1167,2213,286.39825746109307,6.05512878445549,37.41527338454587,99.32218707636692,2024-07-19,5
18,593,940,710.906636334396,0.0,0.0,3.0851063829787235,2024-07-19,5
19,1646,2719,258.39905678785215,10.150790731886723,49.54027215888194,100.0,2024-07-19,5
20,3441,5180,206.50840145309013,13.416988416988417,68.12741312741312,100.0,2024-07-19,5
21,1224,2289,355.43880964286154,5.1550895587592835,17.64962865880297,97.07295762341633,2024-07-19,5
22,254,407,409.1938366993869,0.4914004914004914,28.00982800982801,48.64864864864865,2024-07-19,5
23,785,1634,318.7335722282547,3.610771113831089,18.176254589963282,98.531211750306,2024-07-19,5
24,1765,3033,208.41041476819117,11.968348170128586,68.87570062644247,100.0,2024-07-19,5
25,653,1107,546.9526585127721,0.0,0.0,18.428184281842817,2024-07-19,5
26,1323,3207,269.58194616575815,6.79763018397256,38.41596507639539,99.2204552541316,2024-07-19,5
27,1521,3433,255.06357362046515,8.476551121468104,45.81998252257501,100.0,2024-07-19,5
28,1773,2076,664.9479439098978,0.0,0.0,27.504816955684007,2024-07-19,5
29,100,210,272.13715040088994,0.0,48.095238095238095,98.09523809523809,2024-07-19,5
30,1031,2968,461.6494421535421,0.0,11.691374663072777,58.55795148247979,2024-07-19,5
31,550,550,677.1772489278928,0.0,0.0,38.18181818181819,2024-07-19,5
32,655,1002,363.21794855309463,11.87624750499002,53.39321357285429,69.061876247505,2024-07-19,5
33,2374,3319,1002.0696338282796,0.0,0.030129557095510694,9.701717384754444,2024-07-19,5
34,157,201,625.181669977129,0.0,0.0,0.9950248756218906,2024-07-19,5
35,3724,5534,415.4033876515418,4.029634983736899,22.35272858691724,66.84134441633537,2024-07-19,5
36,1596,2997,284.18174284987987,7.340674007340674,42.34234234234234,97.16383049716383,2024-07-19,5
37,346,1194,294.40805206214424,0.0,22.529313232830823,100.0,2024-07-19,5
38,2317,3640,519.2693238987534,0.0,0.8791208791208791,44.83516483516484,2024-07-19,5
39,844,1995,492.60328959402136,10.025062656641603,15.037593984962406,40.6015037593985,2024-07-19,5
40,401,1166,377.75169828053845,0.0,24.78559176672384,69.55403087478558,2024-07-19,5
41,687,2180,222.21184073951434,10.825688073394495,59.22018348623853,100.0,2024-07-19,5
42,2008,3202,334.5717884256968,4.62211118051218,24.45346658338538,96.12742036227357,2024-07-19,5
43,643,1314,330.6135514774951,1.750380517503805,22.526636225266362,97.86910197869102,2024-07-19,5
44,1650,3794,311.0469647711127,5.21876647337902,37.717448603057456,89.06167633104903,2024-07-19,5
45,3476,6025,171.19256744078046,21.74273858921162,82.45643153526972,100.0,2024-07-19,5
46,2039,3491,215.96259127707322,14.437124033228303,60.928100830707535,100.0,2024-07-19,5
47,2382,4047,192.769036527281,15.567086730911786,70.0271806276254,100.0,2024-07-19,5
48,3976,7160,171.66130163663817,18.491620111731844,82.55586592178771,100.0,2024-07-19,5
49,676,1187,538.9100146200435,0.0,0.0,34.372367312552655,2024-07-19,5
50,135,420,288.8409877519637,34.285714285714285,64.76190476190476,83.33333333333334,2024-07-19,5
51,853,2982,667.4492486018333,0.0,1.4419852448021462,29.912810194500334,2024-07-19,5
52,538,1590,245.45437938473827,10.817610062893083,50.44025157232704,99.87421383647799,2024-07-19,5
53,285,377,1144.7089695994887,0.0,0.0,0.5305039787798408,2024-07-19,5
54,1292,3880,344.94574699257566,3.556701030927835,30.103092783505154,82.91237113402062,2024-07-19,5
55,1020,3067,309.0270646569695,0.22823606129768503,21.878056732963806,100.0,2024-07-19,5
56,1406,2495,281.63485553461186,9.338677354709418,35.51102204408817,98.91783567134269,2024-07-19,5
57,2196,5249,355.67973374196794,4.705658220613451,33.77786244999047,74.45227662411888,2024-07-19,5
58,2027,4649,129.90133683442167,45.06345450634545,92.36394923639493,100.0,2024-07-19,5
59,314,576,173.9539223459916,3.9930555555555554,97.91666666666666,100.0,2024-07-19,5
60,1030,1918,224.23915278375407,16.006256517205422,51.199165797705945,100.0,2024-07-19,5
61,2298,4746,230.61335337102128,12.726506531816268,54.04551201011378,100.0,2024-07-19,5
62,1313,1907,484.315451469458,1.3633980073413738,14.315679077084425,50.131095962244366,2024-07-19,5
63,1146,2455,196.09496604752545,6.191446028513238,79.67413441955193,100.0,2024-07-19,5
64,2284,4458,155.89326819146817,40.35441902198295,79.29564827276806,100.0,2024-07-19,5
65,3004,6050,311.4131434236652,8.826446280991735,41.32231404958678,85.17355371900827,2024-07-19,5
66,2169,4253,496.01333229089175,0.0,1.4577944980014106,55.23160122266635,2024-07-19,5
67,1225,2632,554.2485640080253,0.0,5.813069908814589,38.183890577507604,2024-07-19,5
68,921,1801,398.32226038603636,0.0,6.385341476957246,91.7823431426985,2024-07-19,5
69,1057,1853,376.0342080336912,4.155423637344846,11.76470588235294,86.77819751753913,2024-07-19,5
70,1369,2573,394.90795290334006,1.2436844150796735,11.69840652934318,81.84998056743102,2024-07-19,5
71,1514,3024,321.5708957299251,0.8267195767195766,19.17989417989418,100.0,2024-07-19,5
72,846,2081,237.1575138757813,3.8923594425756844,61.172513214800574,100.0,2024-07-19,5
73,1409,3470,311.6220143219432,2.420749279538905,30.547550432276655,96.68587896253602,2024-07-19,5
74,3542,8463,272.8308182310088,5.730828311473473,42.73898144865887,96.14793808342196,2024-07-19,5
75,1467,3612,390.2272121391291,1.8549280177187155,15.337763012181615,79.9280177187154,2024-07-19,5
76,1232,3420,472.2320902499644,3.625730994152047,14.269005847953217,51.11111111111111,2024-07-19,5
77,1757,4759,789.1995458722683,0.0,0.0,5.778524900189115,2024-07-19,5
78,474,943,851.1257423535121,13.57370095440085,13.891834570519618,27.67762460233298,2024-07-19,5
79,959,3124,289.52811417249796,8.25864276568502,36.93982074263765,99.8719590268886,2024-07-19,5
80,1903,3627,452.8821535343968,0.6617038875103392,11.855527984560242,58.86407499310725,2024-07-19,5
81,1180,3537,292.36731385077474,5.484874187164263,30.449533502968617,99.94345490528697,2024-07-19,5
82,11,101,146.13220726677363,0.0,99.00990099009901,100.0,2024-07-19,5
83,900,1763,584.92468281543,0.0,2.7226318774815654,26.602382302892796,2024-07-19,5
84,1296,3323,311.8691676004824,8.245561239843514,37.13511886849233,86.45801986157086,2024-07-19,5
85,1112,3224,367.6275221225738,5.303970223325062,32.59925558312655,72.98387096774194,2024-07-19,5
86,1164,2420,526.5107614225666,0.0,0.0,39.710743801652896,2024-07-19,5
87,1011,1723,400.76149283413844,0.0,23.50551363900174,68.6012768427162,2024-07-19,5
88,831,3238,270.3962375036087,0.3088326127239036,51.791229153798646,100.0,2024-07-19,5
89,1762,3735,455.36914218645853,4.551539491298527,14.67202141900937,50.20080321285141,2024-07-19,5
90,1350,1613,329.39103777729804,4.091754494730316,37.011779293242405,82.33106013639183,2024-07-19,5
91,1961,3517,344.4754419653219,4.549331816889395,29.257890247369918,83.45180551606482,2024-07-19,5
92,2332,5184,312.5808021063974,2.9320987654320985,34.62577160493827,93.07484567901234,2024-07-19,5
93,1752,3924,391.97116915158887,3.4403669724770642,17.252803261977572,74.54128440366972,2024-07-19,5
94,1547,1902,561.1323117491883,21.451104100946374,21.766561514195583,38.380651945320714,2024-07-19,5
95,1261,1556,450.07398835908316,0.3213367609254499,20.629820051413883,54.88431876606684,2024-07-19,5
96,2543,3155,381.46971439825717,5.26148969889065,30.459587955625988,75.87955625990492,2024-07-19,5
97,1025,1066,572.5429623189319,0.0,0.0,31.801125703564725,2024-07-19,5
98,63,63,1621.8101158801824,0.0,0.0,0.0,2024-07-19,5
99,0,0,,,,,2024-07-19,5
100,188,350,2613.0094934260364,0.0,0.0,0.0,2024-07-19,5
101,635,668,2961.5227688999125,0.0,0.0,0.0,2024-07-19,5
102,0,0,,,,,2024-07-19,5
103,2089,2686,3353.5969271354506,0.0,0.0,0.0,2024-07-19,5
104,1751,2032,3465.2483457633016,0.0,0.0,0.0,2024-07-19,5
105,1555,1672,3952.8187552294194,0.0,0.0,0.0,2024-07-19,5
106,1029,1100,4747.63798149262,0.0,0.0,0.0,2024-07-19,5
107,32,32,919.6526608693014,0.0,0.0,6.25,2024-07-19,5
108,0,0,,,,,2024-07-19,5
109,943,999,760.7395143134336,0.0,0.0,0.0,2024-07-19,5
110,902,998,1137.7116952472566,0.0,0.0,0.0,2024-07-19,5
111,1114,1315,669.058293344474,0.0,0.0,25.627376425855513,2024-07-19,5
112,1353,1484,1391.5342538141526,0.0,0.0,0.0,2024-07-19,5
113,145,334,699.3441330296827,0.0,0.0,6.287425149700598,2024-07-19,5
114,1589,2201,1168.971616206406,0.0,0.0,0.0,2024-07-19,5
115,263,269,1738.48781251407,0.0,0.0,0.0,2024-07-19,5
116,46,62,1669.8915220335257,0.0,0.0,0.0,2024-07-19,5
117,74,99,1764.170686249184,0.0,0.0,0.0,2024-07-19,5
118,53,68,746.5347808377136,0.0,0.0,0.0,2024-07-19,5
119,431,616,1342.1361613004074,0.0,0.0,0.0,2024-07-19,5
120,828,2075,1543.465452537131,0.0,0.0,0.0,2024-07-19,5
121,156,1249,2007.1014851482535,0.0,0.0,0.0,2024-07-19,5
122,178,1002,1826.3128930027453,0.0,0.0,0.0,2024-07-19,5
123,2,2,807.5418786974999,0.0,0.0,0.0,2024-07-19,5
124,172,1505,1523.189281629196,0.0,0.0,0.0,2024-07-19,5
125,260,1342,1947.6674903936369,0.0,0.0,0.0,2024-07-19,5
126,717,2197,2228.1373035416786,0.0,0.0,0.0,2024-07-19,5
127,0,0,,,,,2024-07-19,5
128,46,345,1635.144355485216,0.0,0.0,0.0,2024-07-19,5
129,1327,1569,934.8013541607448,0.0,0.0,0.0,2024-07-19,5
130,133,424,1355.0095853760122,0.0,0.0,0.0,2024-07-19,5
131,1087,2247,1565.7506513130725,0.0,0.0,0.0,2024-07-19,5
132,1066,3263,1537.1778848842782,0.0,0.0,0.0,2024-07-19,5
133,285,302,938.651340430254,0.0,0.0,0.0,2024-07-19,5
134,7,7,2864.425942855903,0.0,0.0,0.0,2024-07-19,5
135,160,165,3446.9649346148694,0.0,0.0,0.0,2024-07-19,5
136,4,4,2974.936704140425,0.0,0.0,0.0,2024-07-19,5
137,299,299,3784.5176962918563,0.0,0.0,0.0,2024-07-19,5
138,228,228,3318.998444668932,0.0,0.0,0.0,2024-07-19,5
139,552,564,2491.6535685404688,0.0,0.0,0.0,2024-07-19,5
140,92,92,1129.072594608313,0.0,0.0,0.0,2024-07-19,5
141,309,309,2788.6357916089783,0.0,0.0,0.0,2024-07-19,5
142,191,193,3072.0195949161844,0.0,0.0,0.0,2024-07-19,5
143,526,526,2248.654609075252,0.0,0.0,0.0,2024-07-19,5
144,207,207,2004.5741952344283,0.0,0.0,0.0,2024-07-19,5
145,2,2,2325.089000557885,0.0,0.0,0.0,2024-07-19,5
146,0,0,,,,,2024-07-19,5
147,38,38,1285.6400560155842,0.0,0.0,0.0,2024-07-19,5
148,447,476,659.855977618666,0.0,0.0,1.2605042016806722,2024-07-19,5
149,1380,1391,684.4656353832696,0.0,0.0,10.783608914450037,2024-07-19,5
150,945,945,1887.3217521938461,0.0,0.0,0.0,2024-07-19,5
151,34,34,854.2357277268457,0.0,0.0,0.0,2024-07-19,5
152,23,24,1320.60170964322,0.0,0.0,0.0,2024-07-19,5
153,60,60,2168.9538525577245,0.0,0.0,0.0,2024-07-19,5
154,122,122,1079.9532926908432,0.0,0.0,0.0,2024-07-19,5
155,624,624,688.8106630295866,0.0,0.0,4.166666666666666,2024-07-19,5
156,0,0,,,,,2024-07-19,5
157,0,0,,,,,2024-07-19,5
158,138,139,569.191337361892,0.0,0.0,14.388489208633093,2024-07-19,5
159,238,238,604.703836858407,0.0,0.0,26.89075630252101,2024-07-19,5
160,299,299,315.8134293648931,2.6755852842809364,32.10702341137124,99.33110367892976,2024-07-19,5
161,391,391,271.647955350669,3.8363171355498724,39.89769820971867,100.0,2024-07-19,5
162,315,315,611.7654717489477,0.0,0.0,24.444444444444443,2024-07-19,5
163,498,498,620.7827396182716,0.0,0.0,10.843373493975903,2024-07-19,5
164,527,527,773.4393480080283,0.0,0.0,0.0,2024-07-19,5
165,1111,1111,482.68234073463526,0.0,14.581458145814583,57.78577857785778,2024-07-19,5
166,1425,1425,1048.3738512959878,0.0,0.0,0.0,2024-07-19,5
167,1665,1729,1403.1341756529096,0.0,0.0,0.0,2024-07-19,5
168,1154,1211,1412.9662148336754,0.0,0.0,0.0,2024-07-19,5
169,1200,1243,881.7517518113316,0.0,0.0,0.0,2024-07-19,5
170,2355,2411,984.2173348205467,0.0,0.0,0.0,2024-07-19,5
171,498,498,1017.542842590836,0.0,0.0,0.0,2024-07-19,5
172,1794,1794,898.4311043445632,0.0,0.0,3.511705685618729,2024-07-19,5
173,1583,1583,689.0790141071524,0.0,0.0,12.634238787113075,2024-07-19,5
174,1154,1187,1295.3978365755436,0.0,0.0,0.0,2024-07-19,5
175,150,160,1683.7327810638003,0.0,0.0,0.0,2024-07-19,5
176,824,824,984.4901205012465,0.0,0.0,0.0,2024-07-19,5
177,1697,1697,668.3553259806009,1.4142604596346495,8.36770771950501,25.456688273423687,2024-07-19,5
178,1430,1430,1543.1670778249222,0.0,0.0,0.0,2024-07-19,5
179,646,646,3507.7064776659445,0.0,0.0,0.0,2024-07-19,5
180,611,611,3946.8021431586794,0.0,0.0,0.0,2024-07-19,5
0,0,0,,,,,2024-07-19,6
1,1,1,4372.484767546796,0.0,0.0,0.0,2024-07-19,6
2,0,0,,,,,2024-07-19,6
3,2265,4088,1059.332429850254,0.0,0.0,0.0,2024-07-19,6
4,316,662,360.17647807836823,0.4531722054380665,35.95166163141994,70.09063444108762,2024-07-19,6
5,478,676,765.920411127662,0.0,18.34319526627219,25.443786982248522,2024-07-19,6
6,551,774,504.9899944947853,0.0,0.0,48.57881136950905,2024-07-19,6
7,604,1293,405.9896031744198,3.3255993812838365,25.135344160866204,64.96519721577727,2024-07-19,6
8,820,1803,245.3161689573784,12.146422628951747,49.19578480310594,98.89073765945646,2024-07-19,6
9,1293,1758,526.8310734556712,1.0807736063708762,9.385665529010238,38.33902161547213,2024-07-19,6
10,698,1136,318.8051753542903,11.003521126760564,22.711267605633804,90.3169014084507,2024-07-19,6
11,856,1084,149.54384008395536,28.321033210332104,89.11439114391145,100.0,2024-07-19,6
12,2030,3678,294.84796391654925,8.183795541054922,32.62642740619902,98.31430125067972,2024-07-19,6
13,302,455,436.0505978282769,0.0,0.0,66.37362637362637,2024-07-19,6
14,1033,1764,343.2189741116726,0.7936507936507936,24.546485260770975,92.06349206349206,2024-07-19,6
15,1810,2948,402.620734316612,0.44097693351424694,10.210312075983717,76.28900949796473,2024-07-19,6
16,1846,3146,431.5617622012909,3.9097266369993644,23.585505403687222,58.2326764144946,2024-07-19,6
17,1167,2213,286.39825746109307,6.05512878445549,37.41527338454587,99.32218707636692,2024-07-19,6
18,593,940,710.906636334396,0.0,0.0,3.0851063829787235,2024-07-19,6
19,1646,2719,258.39905678785215,10.150790731886723,49.54027215888194,100.0,2024-07-19,6
20,3441,5180,189.04374117807112,16.023166023166024,76.62162162162161,100.0,2024-07-19,6
21,1224,2289,355.43880964286154,5.1550895587592835,17.64962865880297,97.07295762341633,2024-07-19,6
22,254,407,400.06895908915146,0.4914004914004914,28.00982800982801,56.51105651105651,2024-07-19,6
23,785,1634,294.2747119579098,3.610771113831089,22.215422276621787,100.0,2024-07-19,6
24,1765,3033,208.41041476819117,11.968348170128586,68.87570062644247,100.0,2024-07-19,6
25,653,1107,546.9526585127721,0.0,0.0,18.428184281842817,2024-07-19,6
26,1323,3207,269.58194616575815,6.79763018397256,38.41596507639539,99.2204552541316,2024-07-19,6
27,1521,3433,255.06357362046515,8.476551121468104,45.81998252257501,100.0,2024-07-19,6
28,1773,2076,664.9479439098978,0.0,0.0,27.504816955684007,2024-07-19,6
29,100,210,272.13715040088994,0.0,48.095238095238095,98.09523809523809,2024-07-19,6
30,1031,2968,461.6494421535421,0.0,11.691374663072777,58.55795148247979,2024-07-19,6
31,550,550,677.1558155707862,0.0,0.0,38.18181818181819,2024-07-19,6
32,655,1002,363.21794855309463,11.87624750499002,53.39321357285429,69.061876247505,2024-07-19,6
33,2374,3319,783.3174374350575,4.097619764989455,16.239831274480267,47.454052425429346,2024-07-19,6
34,157,201,624.4813692422725,0.0,0.0,0.9950248756218906,2024-07-19,6
35,3724,5534,354.93340132253275,4.8608601373328515,28.966389591615467,79.45428261655222,2024-07-19,6
36,1596,2997,282.57293336229117,7.340674007340674,44.37771104437771,97.16383049716383,2024-07-19,6
37,346,1194,294.40805206214424,0.0,22.529313232830823,100.0,2024-07-19,6
38,2317,3640,519.2693238987534,0.0,0.8791208791208791,44.83516483516484,2024-07-19,6
39,844,1995,492.60328959402136,10.025062656641603,15.037593984962406,40.6015037593985,2024-07-19,6
40,401,1166,377.75169828053845,0.0,24.78559176672384,69.55403087478558,2024-07-19,6
41,687,2180,222.21184073951434,10.825688073394495,59.22018348623853,100.0,2024-07-19,6
42,2008,3202,334.5717884256968,4.62211118051218,24.45346658338538,96.12742036227357,2024-07-19,6
43,643,1314,330.6135514774951,1.750380517503805,22.526636225266362,97.86910197869102,2024-07-19,6
44,1650,3794,311.0469647711127,5.21876647337902,37.717448603057456,89.06167633104903,2024-07-19,6
45,3476,6025,171.19256744078046,21.74273858921162,82.45643153526972,100.0,2024-07-19,6
46,2039,3491,215.96259127707322,14.437124033228303,60.928100830707535,100.0,2024-07-19,6
47,2382,4047,192.769036527281,15.567086730911786,70.0271806276254,100.0,2024-07-19,6
48,3976,7160,171.66130163663817,18.491620111731844,82.55586592178771,100.0,2024-07-19,6
49,676,1187,538.9100146200435,0.0,0.0,34.372367312552655,2024-07-19,6
50,135,420,288.8409877519637,34.285714285714285,64.76190476190476,83.33333333333334,2024-07-19,6
51,853,2982,667.4492486018333,0.0,1.4419852448021462,29.912810194500334,2024-07-19,6
52,538,1590,245.45437938473827,10.817610062893083,50.44025157232704,99.87421383647799,2024-07-19,6
53,285,377,1144.7089695994887,0.0,0.0,0.5305039787798408,2024-07-19,6
54,1292,3880,344.94574699257566,3.556701030927835,30.103092783505154,82.91237113402062,2024-07-19,6
55,1020,3067,309.0270646569695,0.22823606129768503,21.878056732963806,100.0,2024-07-19,6
56,1406,2495,281.63485553461186,9.338677354709418,35.51102204408817,98.91783567134269,2024-07-19,6
57,2196,5249,355.67973374196794,4.705658220613451,33.77786244999047,74.45227662411888,2024-07-19,6
58,2027,4649,129.90133683442167,45.06345450634545,92.36394923639493,100.0,2024-07-19,6
59,314,576,173.9539223459916,3.9930555555555554,97.91666666666666,100.0,2024-07-19,6
60,1030,1918,224.23915278375407,16.006256517205422,51.199165797705945,100.0,2024-07-19,6
61,2298,4746,230.61335337102128,12.726506531816268,54.04551201011378,100.0,2024-07-19,6
62,1313,1907,484.315451469458,1.3633980073413738,14.315679077084425,50.131095962244366,2024-07-19,6
63,1146,2455,196.09496604752545,6.191446028513238,79.67413441955193,100.0,2024-07-19,6
64,2284,4458,155.89326819146817,40.35441902198295,79.29564827276806,100.0,2024-07-19,6
65,3004,6050,311.4131434236652,8.826446280991735,41.32231404958678,85.17355371900827,2024-07-19,6
66,2169,4253,496.01333229089175,0.0,1.4577944980014106,55.23160122266635,2024-07-19,6
67,1225,2632,554.2485640080253,0.0,5.813069908814589,38.183890577507604,2024-07-19,6
68,921,1801,398.32226038603636,0.0,6.385341476957246,91.7823431426985,2024-07-19,6
69,1057,1853,376.0342080336912,4.155423637344846,11.76470588235294,86.77819751753913,2024-07-19,6
70,1369,2573,394.90795290334006,1.2436844150796735,11.69840652934318,81.84998056743102,2024-07-19,6
71,1514,3024,321.5708957299251,0.8267195767195766,19.17989417989418,100.0,2024-07-19,6
72,846,2081,237.1575138757813,3.8923594425756844,61.172513214800574,100.0,2024-07-19,6
73,1409,3470,311.6220143219432,2.420749279538905,30.547550432276655,96.68587896253602,2024-07-19,6
74,3542,8463,272.8308182310088,5.730828311473473,42.73898144865887,96.14793808342196,2024-07-19,6
75,1467,3612,390.2272121391291,1.8549280177187155,15.337763012181615,79.9280177187154,2024-07-19,6
76,1232,3420,472.2320902499644,3.625730994152047,14.269005847953217,51.11111111111111,2024-07-19,6
77,1757,4759,789.1995458722683,0.0,0.0,5.778524900189115,2024-07-19,6
78,474,943,851.1257423535121,13.57370095440085,13.891834570519618,27.67762460233298,2024-07-19,6
79,959,3124,289.52811417249796,8.25864276568502,36.93982074263765,99.8719590268886,2024-07-19,6
80,1903,3627,452.8821535343968,0.6617038875103392,11.855527984560242,58.86407499310725,2024-07-19,6
81,1180,3537,292.36731385077474,5.484874187164263,30.449533502968617,99.94345490528697,2024-07-19,6
82,11,101,146.13220726677363,0.0,99.00990099009901,100.0,2024-07-19,6
83,900,1763,584.92468281543,0.0,2.7226318774815654,26.602382302892796,2024-07-19,6
84,1296,3323,311.8691676004824,8.245561239843514,37.13511886849233,86.45801986157086,2024-07-19,6
85,1112,3224,367.6275221225738,5.303970223325062,32.59925558312655,72.98387096774194,2024-07-19,6
86,1164,2420,526.5107614225666,0.0,0.0,39.710743801652896,2024-07-19,6
87,1011,1723,400.76149283413844,0.0,23.50551363900174,68.6012768427162,2024-07-19,6
88,831,3238,270.3962375036087,0.3088326127239036,51.791229153798646,100.0,2024-07-19,6
89,1762,3735,455.36914218645853,4.551539491298527,14.67202141900937,50.20080321285141,2024-07-19,6
90,1350,1613,329.39103777729804,4.091754494730316,37.011779293242405,82.33106013639183,2024-07-19,6
91,1961,3517,344.4754419653219,4.549331816889395,29.257890247369918,83.45180551606482,2024-07-19,6
92,2332,5184,312.5808021063974,2.9320987654320985,34.62577160493827,93.07484567901234,2024-07-19,6
93,1752,3924,391.97116915158887,3.4403669724770642,17.252803261977572,74.54128440366972,2024-07-19,6
94,1547,1902,561.1323117491883,21.451104100946374,21.766561514195583,38.380651945320714,2024-07-19,6
95,1261,1556,450.07398835908316,0.3213367609254499,20.629820051413883,54.88431876606684,2024-07-19,6
96,2543,3155,381.46971439825717,5.26148969889065,30.459587955625988,75.87955625990492,2024-07-19,6
97,1025,1066,572.5429623189319,0.0,0.0,31.801125703564725,2024-07-19,6
98,63,63,1621.8101158801824,0.0,0.0,0.0,2024-07-19,6
99,0,0,,,,,2024-07-19,6
100,188,350,2613.0094934260364,0.0,0.0,0.0,2024-07-19,6
101,635,668,2961.5227688999125,0.0,0.0,0.0,2024-07-19,6
102,0,0,,,,,2024-07-19,6
103,2089,2686,3353.5969271354506,0.0,0.0,0.0,2024-07-19,6
104,1751,2032,3465.2483457633016,0.0,0.0,0.0,2024-07-19,6
105,1555,1672,3952.8187552294194,0.0,0.0,0.0,2024-07-19,6
106,1029,1100,4747.63798149262,0.0,0.0,0.0,2024-07-19,6
107,32,32,919.6526608693014,0.0,0.0,6.25,2024-07-19,6
108,0,0,,,,,2024-07-19,6
109,943,999,760.7395143134336,0.0,0.0,0.0,2024-07-19,6
110,902,998,1137.7116952472566,0.0,0.0,0.0,2024-07-19,6
111,1114,1315,669.058293344474,0.0,0.0,25.627376425855513,2024-07-19,6
112,1353,1484,1391.5342538141526,0.0,0.0,0.0,2024-07-19,6
113,145,334,699.3441330296827,0.0,0.0,6.287425149700598,2024-07-19,6
114,1589,2201,1168.971616206406,0.0,0.0,0.0,2024-07-19,6
115,263,269,1738.48781251407,0.0,0.0,0.0,2024-07-19,6
116,46,62,1669.8915220335257,0.0,0.0,0.0,2024-07-19,6
117,74,99,1764.170686249184,0.0,0.0,0.0,2024-07-19,6
118,53,68,746.5347808377136,0.0,0.0,0.0,2024-07-19,6
119,431,616,1342.1361613004074,0.0,0.0,0.0,2024-07-19,6
120,828,2075,1543.465452537131,0.0,0.0,0.0,2024-07-19,6
121,156,1249,2007.1014851482535,0.0,0.0,0.0,2024-07-19,6
122,178,1002,1826.3128930027453,0.0,0.0,0.0,2024-07-19,6
123,2,2,807.5418786974999,0.0,0.0,0.0,2024-07-19,6
124,172,1505,1523.189281629196,0.0,0.0,0.0,2024-07-19,6
125,260,1342,1947.6674903936369,0.0,0.0,0.0,2024-07-19,6
126,717,2197,2228.1373035416786,0.0,0.0,0.0,2024-07-19,6
127,0,0,,,,,2024-07-19,6
128,46,345,1635.144355485216,0.0,0.0,0.0,2024-07-19,6
129,1327,1569,934.8013541607448,0.0,0.0,0.0,2024-07-19,6
130,133,424,1355.0095853760122,0.0,0.0,0.0,2024-07-19,6
131,1087,2247,1565.7506513130725,0.0,0.0,0.0,2024-07-19,6
132,1066,3263,1537.1778848842782,0.0,0.0,0.0,2024-07-19,6
133,285,302,938.651340430254,0.0,0.0,0.0,2024-07-19,6
134,7,7,2864.425942855903,0.0,0.0,0.0,2024-07-19,6
135,160,165,3446.9649346148694,0.0,0.0,0.0,2024-07-19,6
136,4,4,2974.936704140425,0.0,0.0,0.0,2024-07-19,6
137,299,299,3784.5176962918563,0.0,0.0,0.0,2024-07-19,6
138,228,228,3318.998444668932,0.0,0.0,0.0,2024-07-19,6
139,552,564,2491.6535685404688,0.0,0.0,0.0,2024-07-19,6
140,92,92,1129.072594608313,0.0,0.0,0.0,2024-07-19,6
141,309,309,2788.6357916089783,0.0,0.0,0.0,2024-07-19,6
142,191,193,3072.0195949161844,0.0,0.0,0.0,2024-07-19,6
143,526,526,2248.654609075252,0.0,0.0,0.0,2024-07-19,6
144,207,207,2004.5741952344283,0.0,0.0,0.0,2024-07-19,6
145,2,2,2325.089000557885,0.0,0.0,0.0,2024-07-19,6
146,0,0,,,,,2024-07-19,6
147,38,38,1285.6400560155842,0.0,0.0,0.0,2024-07-19,6
148,447,476,659.855977618666,0.0,0.0,1.2605042016806722,2024-07-19,6
149,1380,1391,684.4656353832696,0.0,0.0,10.783608914450037,2024-07-19,6
150,945,945,1887.3217521938461,0.0,0.0,0.0,2024-07-19,6
151,34,34,854.2357277268457,0.0,0.0,0.0,2024-07-19,6
152,23,24,1320.60170964322,0.0,0.0,0.0,2024-07-19,6
153,60,60,2168.9538525577245,0.0,0.0,0.0,2024-07-19,6
154,122,122,1079.9532926908432,0.0,0.0,0.0,2024-07-19,6
155,624,624,688.8106630295866,0.0,0.0,4.166666666666666,2024-07-19,6
156,0,0,,,,,2024-07-19,6
157,0,0,,,,,2024-07-19,6
158,138,139,569.191337361892,0.0,0.0,14.388489208633093,2024-07-19,6
159,238,238,604.703836858407,0.0,0.0,26.89075630252101,2024-07-19,6
160,299,299,315.8134293648931,2.6755852842809364,32.10702341137124,99.33110367892976,2024-07-19,6
161,391,391,271.647955350669,3.8363171355498724,39.89769820971867,100.0,2024-07-19,6
162,315,315,611.7654717489477,0.0,0.0,24.444444444444443,2024-07-19,6
163,498,498,620.7827396182716,0.0,0.0,10.843373493975903,2024-07-19,6
164,527,527,773.4393480080283,0.0,0.0,0.0,2024-07-19,6
165,1111,1111,482.68234073463526,0.0,14.581458145814583,57.78577857785778,2024-07-19,6
166,1425,1425,1048.3738512959878,0.0,0.0,0.0,2024-07-19,6
167,1665,1729,1403.1341756529096,0.0,0.0,0.0,2024-07-19,6
168,1154,1211,1412.9662148336754,0.0,0.0,0.0,2024-07-19,6
169,1200,1243,881.7517518113316,0.0,0.0,0.0,2024-07-19,6
170,2355,2411,984.2173348205467,0.0,0.0,0.0,2024-07-19,6
171,498,498,1017.542842590836,0.0,0.0,0.0,2024-07-19,6
172,1794,1794,898.4311043445632,0.0,0.0,3.511705685618729,2024-07-19,6
173,1583,1583,689.0790141071524,0.0,0.0,12.634238787113075,2024-07-19,6
174,1154,1187,1295.3978365755436,0.0,0.0,0.0,2024-07-19,6
175,150,160,1683.7327810638003,0.0,0.0,0.0,2024-07-19,6
176,824,824,984.4901205012465,0.0,0.0,0.0,2024-07-19,6
177,1697,1697,668.3553259806009,1.4142604596346495,8.36770771950501,25.456688273423687,2024-07-19,6
178,1430,1430,1543.1670778249222,0.0,0.0,0.0,2024-07-19,6
179,646,646,3507.7064776659445,0.0,0.0,0.0,2024-07-19,6
180,611,611,3946.8021431586794,0.0,0.0,0.0,2024-07-19,6
0,0,0,,,,,2024-07-19,7
1,1,1,4372.484767546796,0.0,0.0,0.0,2024-07-19,7
2,0,0,,,,,2024-07-19,7
3,2265,4088,1059.332429850254,0.0,0.0,0.0,2024-07-19,7
4,316,662,360.17647807836823,0.4531722054380665,35.95166163141994,70.09063444108762,2024-07-19,7
5,478,676,765.920411127662,0.0,18.34319526627219,25.443786982248522,2024-07-19,7
6,551,774,504.9899944947853,0.0,0.0,48.57881136950905,2024-07-19,7
7,604,1293,405.9896031744198,3.3255993812838365,25.135344160866204,64.96519721577727,2024-07-19,7
8,820,1803,245.3161689573784,12.146422628951747,49.19578480310594,98.89073765945646,2024-07-19,7
9,1293,1758,526.8310734556712,1.0807736063708762,9.385665529010238,38.33902161547213,2024-07-19,7
10,698,1136,318.8051753542903,11.003521126760564,22.711267605633804,90.3169014084507,2024-07-19,7
11,856,1084,149.54384008395536,28.321033210332104,89.11439114391145,100.0,2024-07-19,7
12,2030,3678,294.84796391654925,8.183795541054922,32.62642740619902,98.31430125067972,2024-07-19,7
13,302,455,436.0505978282769,0.0,0.0,66.37362637362637,2024-07-19,7
14,1033,1764,343.2189741116726,0.7936507936507936,24.546485260770975,92.06349206349206,2024-07-19,7
15,1810,2948,402.620734316612,0.44097693351424694,10.210312075983717,76.28900949796473,2024-07-19,7
16,1846,3146,431.5617622012909,3.9097266369993644,23.585505403687222,58.2326764144946,2024-07-19,7
17,1167,2213,286.39825746109307,6.05512878445549,37.41527338454587,99.32218707636692,2024-07-19,7
18,593,940,710.906636334396,0.0,0.0,3.0851063829787235,2024-07-19,7
19,1646,2719,258.39905678785215,10.150790731886723,49.54027215888194,100.0,2024-07-19,7
20,3441,5180,189.04374117807112,16.023166023166024,76.62162162162161,100.0,2024-07-19,7
21,1224,2289,355.43880964286154,5.1550895587592835,17.64962865880297,97.07295762341633,2024-07-19,7
22,254,407,400.06895908915146,0.4914004914004914,28.00982800982801,56.51105651105651,2024-07-19,7
23,785,1634,294.2747119579098,3.610771113831089,22.215422276621787,100.0,2024-07-19,7
24,1765,3033,208.41041476819117,11.968348170128586,68.87570062644247,100.0,2024-07-19,7
25,653,1107,546.9526585127721,0.0,0.0,18.428184281842817,2024-07-19,7
26,1323,3207,269.58194616575815,6.79763018397256,38.41596507639539,99.2204552541316,2024-07-19,7
27,1521,3433,255.06357362046515,8.476551121468104,45.81998252257501,100.0,2024-07-19,7
28,1773,2076,664.9479439098978,0.0,0.0,27.504816955684007,2024-07-19,7
29,100,210,272.13715040088994,0.0,48.095238095238095,98.09523809523809,2024-07-19,7
30,1031,2968,461.6494421535421,0.0,11.691374663072777,58.55795148247979,2024-07-19,7
31,550,550,677.1558155707862,0.0,0.0,38.18181818181819,2024-07-19,7
32,655,1002,363.21794855309463,11.87624750499002,53.39321357285429,69.061876247505,2024-07-19,7
33,2374,3319,783.3174374350575,4.097619764989455,16.239831274480267,47.454052425429346,2024-07-19,7
34,157,201,624.4813692422725,0.0,0.0,0.9950248756218906,2024-07-19,7
35,3724,5534,354.93340132253275,4.8608601373328515,28.966389591615467,79.45428261655222,2024-07-19,7
36,1596,2997,282.57293336229117,7.340674007340674,44.37771104437771,97.16383049716383,2024-07-19,7
37,346,1194,294.40805206214424,0.0,22.529313232830823,100.0,2024-07-19,7
38,2317,3640,519.2693238987534,0.0,0.8791208791208791,44.83516483516484,2024-07-19,7
39,844,1995,492.60328959402136,10.025062656641603,15.037593984962406,40.6015037593985,2024-07-19,7
40,401,1166,377.75169828053845,0.0,24.78559176672384,69.55403087478558,2024-07-19,7
41,687,2180,222.21184073951434,10.825688073394495,59.22018348623853,100.0,2024-07-19,7
42,2008,3202,334.5717884256968,4.62211118051218,24.45346658338538,96.12742036227357,2024-07-19,7
43,643,1314,330.6135514774951,1.750380517503805,22.526636225266362,97.86910197869102,2024-07-19,7
44,1650,3794,311.0469647711127,5.21876647337902,37.717448603057456,89.06167633104903,2024-07-19,7
45,3476,6025,171.19256744078046,21.74273858921162,82.45643153526972,100.0,2024-07-19,7
46,2039,3491,215.96259127707322,14.437124033228303,60.928100830707535,100.0,2024-07-19,7
47,2382,4047,192.769036527281,15.567086730911786,70.0271806276254,100.0,2024-07-19,7
48,3976,7160,171.66130163663817,18.491620111731844,82.55586592178771,100.0,2024-07-19,7
49,676,1187,538.9100146200435,0.0,0.0,34.372367312552655,2024-07-19,7
50,135,420,288.8409877519637,34.285714285714285,64.76190476190476,83.33333333333334,2024-07-19,7
51,853,2982,667.4492486018333,0.0,1.4419852448021462,29.912810194500334,2024-07-19,7
52,538,1590,245.45437938473827,10.817610062893083,50.44025157232704,99.87421383647799,2024-07-19,7
53,285,377,1144.7089695994887,0.0,0.0,0.5305039787798408,2024-07-19,7
54,1292,3880,344.94574699257566,3.556701030927835,30.103092783505154,82.91237113402062,2024-07-19,7
55,1020,3067,309.0270646569695,0.22823606129768503,21.878056732963806,100.0,2024-07-19,7
56,1406,2495,266.1193231618206,10.06012024048096,38.95791583166333,100.0,2024-07-19,7
57,2196,5249,331.5320061150351,4.705658220613451,33.77786244999047,83.17774814250333,2024-07-19,7
58,2027,4649,129.90133683442167,45.06345450634545,92.36394923639493,100.0,2024-07-19,7
59,314,576,173.9539223459916,3.9930555555555554,97.91666666666666,100.0,2024-07-19,7
60,1030,1918,224.23915278375407,16.006256517205422,51.199165797705945,100.0,2024-07-19,7
61,2298,4746,230.61335337102128,12.726506531816268,54.04551201011378,100.0,2024-07-19,7
62,1313,1907,484.315451469458,1.3633980073413738,14.315679077084425,50.131095962244366,2024-07-19,7
63,1146,2455,196.09496604752545,6.191446028513238,79.67413441955193,100.0,2024-07-19,7
64,2284,4458,158.295049491501,38.17855540601167,79.27321668909825,100.0,2024-07-19,7
65,3004,6050,311.4131434236652,8.826446280991735,41.32231404958678,85.17355371900827,2024-07-19,7
66,2169,4253,496.01333229089175,0.0,1.4577944980014106,55.23160122266635,2024-07-19,7
67,1225,2632,554.2485640080253,0.0,5.813069908814589,38.183890577507604,2024-07-19,7
68,921,1801,398.32226038603636,0.0,6.385341476957246,91.7823431426985,2024-07-19,7
69,1057,1853,376.0342080336912,4.155423637344846,11.76470588235294,86.77819751753913,2024-07-19,7
70,1369,2573,394.90795290334006,1.2436844150796735,11.69840652934318,81.84998056743102,2024-07-19,7
71,1514,3024,321.5708957299251,0.8267195767195766,19.17989417989418,100.0,2024-07-19,7
72,846,2081,237.1575138757813,3.8923594425756844,61.172513214800574,100.0,2024-07-19,7
73,1409,3470,311.6220143219432,2.420749279538905,30.547550432276655,96.68587896253602,2024-07-19,7
74,3542,8463,272.8308182310088,5.730828311473473,42.73898144865887,96.14793808342196,2024-07-19,7
75,1467,3612,390.2272121391291,1.8549280177187155,15.337763012181615,79.9280177187154,2024-07-19,7
76,1232,3420,472.2320902499644,3.625730994152047,14.269005847953217,51.11111111111111,2024-07-19,7
77,1757,4759,789.1995458722683,0.0,0.0,5.778524900189115,2024-07-19,7
78,474,943,851.1257423535121,13.57370095440085,13.891834570519618,27.67762460233298,2024-07-19,7
79,959,3124,289.52811417249796,8.25864276568502,36.93982074263765,99.8719590268886,2024-07-19,7
80,1903,3627,452.8821535343968,0.6617038875103392,11.855527984560242,58.86407499310725,2024-07-19,7
81,1180,3537,292.36731385077474,5.484874187164263,30.449533502968617,99.94345490528697,2024-07-19,7
82,11,101,146.13220726677363,0.0,99.00990099009901,100.0,2024-07-19,7
83,900,1763,584.92468281543,0.0,2.7226318774815654,26.602382302892796,2024-07-19,7
84,1296,3323,311.8691676004824,8.245561239843514,37.13511886849233,86.45801986157086,2024-07-19,7
85,1112,3224,367.6275221225738,5.303970223325062,32.59925558312655,72.98387096774194,2024-07-19,7
86,1164,2420,526.5107614225666,0.0,0.0,39.710743801652896,2024-07-19,7
87,1011,1723,400.76149283413844,0.0,23.50551363900174,68.6012768427162,2024-07-19,7
88,831,3238,270.3962375036087,0.3088326127239036,51.791229153798646,100.0,2024-07-19,7
89,1762,3735,455.36914218645853,4.551539491298527,14.67202141900937,50.20080321285141,2024-07-19,7
90,1350,1613,329.39103777729804,4.091754494730316,37.011779293242405,82.33106013639183,2024-07-19,7
91,1961,3517,344.4754419653219,4.549331816889395,29.257890247369918,83.45180551606482,2024-07-19,7
92,2332,5184,312.5808021063974,2.9320987654320985,34.62577160493827,93.07484567901234,2024-07-19,7
93,1752,3924,391.97116915158887,3.4403669724770642,17.252803261977572,74.54128440366972,2024-07-19,7
94,1547,1902,561.1323117491883,21.451104100946374,21.766561514195583,38.380651945320714,2024-07-19,7
95,1261,1556,450.07398835908316,0.3213367609254499,20.629820051413883,54.88431876606684,2024-07-19,7
96,2543,3155,381.46971439825717,5.26148969889065,30.459587955625988,75.87955625990492,2024-07-19,7
97,1025,1066,572.5429623189319,0.0,0.0,31.801125703564725,2024-07-19,7
98,63,63,1621.8101158801824,0.0,0.0,0.0,2024-07-19,7
99,0,0,,,,,2024-07-19,7
100,188,350,2613.0094934260364,0.0,0.0,0.0,2024-07-19,7
101,635,668,2961.5227688999125,0.0,0.0,0.0,2024-07-19,7
102,0,0,,,,,2024-07-19,7
103,2089,2686,3353.5969271354506,0.0,0.0,0.0,2024-07-19,7
104,1751,2032,3465.2483457633016,0.0,0.0,0.0,2024-07-19,7
105,1555,1672,3952.8187552294194,0.0,0.0,0.0,2024-07-19,7
106,1029,1100,4747.63798149262,0.0,0.0,0.0,2024-07-19,7
107,32,32,919.6526608693014,0.0,0.0,6.25,2024-07-19,7
108,0,0,,,,,2024-07-19,7
109,943,999,760.7395143134336,0.0,0.0,0.0,2024-07-19,7
110,902,998,1137.7116952472566,0.0,0.0,0.0,2024-07-19,7
111,1114,1315,669.058293344474,0.0,0.0,25.627376425855513,2024-07-19,7
112,1353,1484,1391.5342538141526,0.0,0.0,0.0,2024-07-19,7
113,145,334,699.3441330296827,0.0,0.0,6.287425149700598,2024-07-19,7
114,1589,2201,1168.971616206406,0.0,0.0,0.0,2024-07-19,7
115,263,269,1738.48781251407,0.0,0.0,0.0,2024-07-19,7
116,46,62,1669.8915220335257,0.0,0.0,0.0,2024-07-19,7
117,74,99,1764.170686249184,0.0,0.0,0.0,2024-07-19,7
118,53,68,746.5347808377136,0.0,0.0,0.0,2024-07-19,7
119,431,616,1342.1361613004074,0.0,0.0,0.0,2024-07-19,7
120,828,2075,1543.465452537131,0.0,0.0,0.0,2024-07-19,7
121,156,1249,2007.1014851482535,0.0,0.0,0.0,2024-07-19,7
122,178,1002,1826.3128930027453,0.0,0.0,0.0,2024-07-19,7
123,2,2,807.5418786974999,0.0,0.0,0.0,2024-07-19,7
124,172,1505,1523.189281629196,0.0,0.0,0.0,2024-07-19,7
125,260,1342,1947.6674903936369,0.0,0.0,0.0,2024-07-19,7
126,717,2197,2228.1373035416786,0.0,0.0,0.0,2024-07-19,7
127,0,0,,,,,2024-07-19,7
128,46,345,1635.144355485216,0.0,0.0,0.0,2024-07-19,7
129,1327,1569,934.8013541607448,0.0,0.0,0.0,2024-07-19,7
130,133,424,1355.0095853760122,0.0,0.0,0.0,2024-07-19,7
131,1087,2247,1565.7506513130725,0.0,0.0,0.0,2024-07-19,7
132,1066,3263,1537.1778848842782,0.0,0.0,0.0,2024-07-19,7
133,285,302,938.651340430254,0.0,0.0,0.0,2024-07-19,7
134,7,7,2864.425942855903,0.0,0.0,0.0,2024-07-19,7
135,160,165,3446.9649346148694,0.0,0.0,0.0,2024-07-19,7
136,4,4,2974.936704140425,0.0,0.0,0.0,2024-07-19,7
137,299,299,3784.5176962918563,0.0,0.0,0.0,2024-07-19,7
138,228,228,3318.998444668932,0.0,0.0,0.0,2024-07-19,7
139,552,564,2491.6535685404688,0.0,0.0,0.0,2024-07-19,7
140,92,92,1129.072594608313,0.0,0.0,0.0,2024-07-19,7
141,309,309,2788.6357916089783,0.0,0.0,0.0,2024-07-19,7
142,191,193,3072.0195949161844,0.0,0.0,0.0,2024-07-19,7
143,526,526,2248.654609075252,0.0,0.0,0.0,2024-07-19,7
144,207,207,2004.5741952344283,0.0,0.0,0.0,2024-07-19,7
145,2,2,2325.089000557885,0.0,0.0,0.0,2024-07-19,7
146,0,0,,,,,2024-07-19,7
147,38,38,1285.6400560155842,0.0,0.0,0.0,2024-07-19,7
148,447,476,659.855977618666,0.0,0.0,1.2605042016806722,2024-07-19,7
149,1380,1391,684.4656353832696,0.0,0.0,10.783608914450037,2024-07-19,7
150,945,945,1887.3217521938461,0.0,0.0,0.0,2024-07-19,7
151,34,34,854.2357277268457,0.0,0.0,0.0,2024-07-19,7
152,23,24,1320.60170964322,0.0,0.0,0.0,2024-07-19,7
153,60,60,2168.9538525577245,0.0,0.0,0.0,2024-07-19,7
154,122,122,1079.9532926908432,0.0,0.0,0.0,2024-07-19,7
155,624,624,688.8106630295866,0.0,0.0,4.166666666666666,2024-07-19,7
156,0,0,,,,,2024-07-19,7
157,0,0,,,,,2024-07-19,7
158,138,139,569.191337361892,0.0,0.0,14.388489208633093,2024-07-19,7
159,238,238,604.703836858407,0.0,0.0,26.89075630252101,2024-07-19,7
160,299,299,315.8134293648931,2.6755852842809364,32.10702341137124,99.33110367892976,2024-07-19,7
161,391,391,271.647955350669,3.8363171355498724,39.89769820971867,100.0,2024-07-19,7
162,315,315,611.7654717489477,0.0,0.0,24.444444444444443,2024-07-19,7
163,498,498,620.7827396182716,0.0,0.0,10.843373493975903,2024-07-19,7
164,527,527,773.4393480080283,0.0,0.0,0.0,2024-07-19,7
165,1111,1111,482.68234073463526,0.0,14.581458145814583,57.78577857785778,2024-07-19,7
166,1425,1425,1048.3738512959878,0.0,0.0,0.0,2024-07-19,7
167,1665,1729,1207.9971713278323,0.0,0.0,0.0,2024-07-19,7
168,1154,1211,1257.9185622399075,0.0,0.0,0.0,2024-07-19,7
169,1200,1243,881.7517518113316,0.0,0.0,0.0,2024-07-19,7
170,2355,2411,737.4466797950713,0.0,0.0,9.290750725839901,2024-07-19,7
171,498,498,618.8343990681869,0.0,0.0,18.27309236947791,2024-07-19,7
172,1794,1794,801.2336866442931,0.0,0.0,14.771460423634336,2024-07-19,7
173,1583,1583,354.90574645119807,0.0,26.658243840808595,84.01768793430196,2024-07-19,7
174,1154,1187,1295.3978365755436,0.0,0.0,0.0,2024-07-19,7
175,150,160,1683.7327810638003,0.0,0.0,0.0,2024-07-19,7
176,824,824,984.4901205012465,0.0,0.0,0.0,2024-07-19,7
177,1697,1697,668.3553259806009,1.4142604596346495,8.36770771950501,25.456688273423687,2024-07-19,7
178,1430,1430,1542.9282466721256,0.0,0.0,0.0,2024-07-19,7
179,646,646,3507.7064776659445,0.0,0.0,0.0,2024-07-19,7
180,611,611,3946.8021431586794,0.0,0.0,0.0,2024-07-19,7
0,0,0,,,,,2024-07-19,8
1,1,1,4372.484767546796,0.0,0.0,0.0,2024-07-19,8
2,0,0,,,,,2024-07-19,8
3,2265,4088,1059.332429850254,0.0,0.0,0.0,2024-07-19,8
4,316,662,360.17647807836823,0.4531722054380665,35.95166163141994,70.09063444108762,2024-07-19,8
5,478,676,765.920411127662,0.0,18.34319526627219,25.443786982248522,2024-07-19,8
6,551,774,504.9899944947853,0.0,0.0,48.57881136950905,2024-07-19,8
7,604,1293,405.9896031744198,3.3255993812838365,25.135344160866204,64.96519721577727,2024-07-19,8
8,820,1803,506.29210941890653,0.0,0.0,46.8663338879645,2024-07-19,8
9,1293,1758,585.5718571125439,1.0807736063708762,9.385665529010238,31.968145620022753,2024-07-19,8
10,698,1136,319.3067314801162,11.003521126760564,22.711267605633804,90.3169014084507,2024-07-19,8
11,856,1084,149.54384008395536,28.321033210332104,89.11439114391145,100.0,2024-07-19,8
12,2030,3678,294.84796391654925,8.183795541054922,32.62642740619902,98.31430125067972,2024-07-19,8
13,302,455,436.0505978282769,0.0,0.0,66.37362637362637,2024-07-19,8
14,1033,1764,343.2189741116726,0.7936507936507936,24.546485260770975,92.06349206349206,2024-07-19,8
15,1810,2948,402.620734316612,0.44097693351424694,10.210312075983717,76.28900949796473,2024-07-19,8
16,1846,3146,431.5617622012909,3.9097266369993644,23.585505403687222,58.2326764144946,2024-07-19,8
17,1167,2213,286.39825746109307,6.05512878445549,37.41527338454587,99.32218707636692,2024-07-19,8
18,593,940,710.906636334396,0.0,0.0,3.0851063829787235,2024-07-19,8
19,1646,2719,258.39905678785215,10.150790731886723,49.54027215888194,100.0,2024-07-19,8
20,3441,5180,189.04374117807112,16.023166023166024,76.62162162162161,100.0,2024-07-19,8
21,1224,2289,355.43880964286154,5.1550895587592835,17.64962865880297,97.07295762341633,2024-07-19,8
22,254,407,400.06895908915146,0.4914004914004914,28.00982800982801,56.51105651105651,2024-07-19,8
23,785,1634,294.2747119579098,3.610771113831089,22.215422276621787,100.0,2024-07-19,8
24,1765,3033,208.41041476819117,11.968348170128586,68.87570062644247,100.0,2024-07-19,8
25,653,1107,546.9526585127721,0.0,0.0,18.428184281842817,2024-07-19,8
26,1323,3207,306.0468144870516,5.425631431244153,31.11942625506704,94.48082319925165,2024-07-19,8
27,1521,3433,408.48342663831284,1.398193999417419,18.78823186717157,67.25895718030877,2024-07-19,8
28,1773,2076,703.7570756837382,0.0,0.0,16.233140655105974,2024-07-19,8
29,100,210,272.13715040088994,0.0,48.095238095238095,98.09523809523809,2024-07-19,8
30,1031,2968,461.6494421535421,0.0,11.691374663072777,58.55795148247979,2024-07-19,8
31,550,550,677.1558155707862,0.0,0.0,38.18181818181819,2024-07-19,8
32,655,1002,363.21794855309463,11.87624750499002,53.39321357285429,69.061876247505,2024-07-19,8
33,2374,3319,783.3174374350575,4.097619764989455,16.239831274480267,47.454052425429346,2024-07-19,8
34,157,201,624.4813692422725,0.0,0.0,0.9950248756218906,2024-07-19,8
35,3724,5534,354.93340132253275,4.8608601373328515,28.966389591615467,79.45428261655222,2024-07-19,8
36,1596,2997,282.57293336229117,7.340674007340674,44.37771104437771,97.16383049716383,2024-07-19,8
37,346,1194,294.40805206214424,0.0,22.529313232830823,100.0,2024-07-19,8
38,2317,3640,519.2693238987534,0.0,0.8791208791208791,44.83516483516484,2024-07-19,8
39,844,1995,492.60328959402136,10.025062656641603,15.037593984962406,40.6015037593985,2024-07-19,8
40,401,1166,377.75169828053845,0.0,24.78559176672384,69.55403087478558,2024-07-19,8
41,687,2180,222.21184073951434,10.825688073394495,59.22018348623853,100.0,2024-07-19,8
42,2008,3202,334.5717884256968,4.62211118051218,24.45346658338538,96.12742036227357,2024-07-19,8
43,643,1314,330.6135514774951,1.750380517503805,22.526636225266362,97.86910197869102,2024-07-19,8
44,1650,3794,311.0469647711127,5.21876647337902,37.717448603057456,89.06167633104903,2024-07-19,8
45,3476,6025,171.19256744078046,21.74273858921162,82.45643153526972,100.0,2024-07-19,8
46,2039,3491,215.96259127707322,14.437124033228303,60.928100830707535,100.0,2024-07-19,8
47,2382,4047,192.769036527281,15.567086730911786,70.0271806276254,100.0,2024-07-19,8
48,3976,7160,171.66130163663817,18.491620111731844,82.55586592178771,100.0,2024-07-19,8
49,676,1187,538.9100146200435,0.0,0.0,34.372367312552655,2024-07-19,8
50,135,420,288.8409877519637,34.285714285714285,64.76190476190476,83.33333333333334,2024-07-19,8
51,853,2982,667.4492486018333,0.0,1.4419852448021462,29.912810194500334,2024-07-19,8
52,538,1590,245.45437938473827,10.817610062893083,50.44025157232704,99.87421383647799,2024-07-19,8
53,285,377,1144.7089695994887,0.0,0.0,0.5305039787798408,2024-07-19,8
54,1292,3880,344.94574699257566,3.556701030927835,30.103092783505154,82.91237113402062,2024-07-19,8
55,1020,3067,309.0270646569695,0.22823606129768503,21.878056732963806,100.0,2024-07-19,8
56,1406,2495,266.1193231618206,10.06012024048096,38.95791583166333,100.0,2024-07-19,8
57,2196,5249,331.5320061150351,4.705658220613451,33.77786244999047,83.17774814250333,2024-07-19,8
58,2027,4649,123.20546768969696,51.08625510862551,92.70810927081092,100.0,2024-07-19,8
59,314,576,173.9539223459916,3.9930555555555554,97.91666666666666,100.0,2024-07-19,8
60,1030,1918,224.23915278375407,16.006256517205422,51.199165797705945,100.0,2024-07-19,8
61,2298,4746,230.61335337102128,12.726506531816268,54.04551201011378,100.0,2024-07-19,8
62,1313,1907,484.315451469458,1.3633980073413738,14.315679077084425,50.131095962244366,2024-07-19,8
63,1146,2455,196.09496604752545,6.191446028513238,79.67413441955193,100.0,2024-07-19,8
64,2284,4458,158.295049491501,38.17855540601167,79.27321668909825,100.0,2024-07-19,8
65,3004,6050,311.4131434236652,8.826446280991735,41.32231404958678,85.17355371900827,2024-07-19,8
66,2169,4253,496.01333229089175,0.0,1.4577944980014106,55.23160122266635,2024-07-19,8
67,1225,2632,554.2485640080253,0.0,5.813069908814589,38.183890577507604,2024-07-19,8
68,921,1801,398.32226038603636,0.0,6.385341476957246,91.7823431426985,2024-07-19,8
69,1057,1853,376.0342080336912,4.155423637344846,11.76470588235294,86.77819751753913,2024-07-19,8
70,1369,2573,394.90795290334006,1.2436844150796735,11.69840652934318,81.84998056743102,2024-07-19,8
71,1514,3024,321.5708957299251,0.8267195767195766,19.17989417989418,100.0,2024-07-19,8
72,846,2081,237.1575138757813,3.8923594425756844,61.172513214800574,100.0,2024-07-19,8
73,1409,3470,311.6220143219432,2.420749279538905,30.547550432276655,96.68587896253602,2024-07-19,8
74,3542,8463,272.8308182310088,5.730828311473473,42.73898144865887,96.14793808342196,2024-07-19,8
75,1467,3612,390.2272121391291,1.8549280177187155,15.337763012181615,79.9280177187154,2024-07-19,8
76,1232,3420,472.2320902499644,3.625730994152047,14.269005847953217,51.11111111111111,2024-07-19,8
77,1757,4759,789.1995458722683,0.0,0.0,5.778524900189115,2024-07-19,8
78,474,943,851.1257423535121,13.57370095440085,13.891834570519618,27.67762460233298,2024-07-19,8
79,959,3124,289.52811417249796,8.25864276568502,36.93982074263765,99.8719590268886,2024-07-19,8
80,1903,3627,452.8821535343968,0.6617038875103392,11.855527984560242,58.86407499310725,2024-07-19,8
81,1180,3537,292.36731385077474,5.484874187164263,30.449533502968617,99.94345490528697,2024-07-19,8
82,11,101,146.13220726677363,0.0,99.00990099009901,100.0,2024-07-19,8
83,900,1763,584.92468281543,0.0,2.7226318774815654,26.602382302892796,2024-07-19,8
84,1296,3323,311.8691676004824,8.245561239843514,37.13511886849233,86.45801986157086,2024-07-19,8
85,1112,3224,367.6275221225738,5.303970223325062,32.59925558312655,72.98387096774194,2024-07-19,8
86,1164,2420,526.5107614225666,0.0,0.0,39.710743801652896,2024-07-19,8
87,1011,1723,400.76149283413844,0.0,23.50551363900174,68.6012768427162,2024-07-19,8
88,831,3238,270.3962375036087,0.3088326127239036,51.791229153798646,100.0,2024-07-19,8
89,1762,3735,455.36914218645853,4.551539491298527,14.67202141900937,50.20080321285141,2024-07-19,8
90,1350,1613,329.39103777729804,4.091754494730316,37.011779293242405,82.33106013639183,2024-07-19,8
91,1961,3517,344.4754419653219,4.549331816889395,29.257890247369918,83.45180551606482,2024-07-19,8
92,2332,5184,312.5808021063974,2.9320987654320985,34.62577160493827,93.07484567901234,2024-07-19,8
93,1752,3924,391.97116915158887,3.4403669724770642,17.252803261977572,74.54128440366972,2024-07-19,8
94,1547,1902,561.1323117491883,21.451104100946374,21.766561514195583,38.380651945320714,2024-07-19,8
95,1261,1556,450.07398835908316,0.3213367609254499,20.629820051413883,54.88431876606684,2024-07-19,8
96,2543,3155,381.46971439825717,5.26148969889065,30.459587955625988,75.87955625990492,2024-07-19,8
97,1025,1066,572.5429623189319,0.0,0.0,31.801125703564725,2024-07-19,8
98,63,63,1621.8101158801824,0.0,0.0,0.0,2024-07-19,8
99,0,0,,,,,2024-07-19,8
100,188,350,2613.0094934260364,0.0,0.0,0.0,2024-07-19,8
101,635,668,2961.5227688999125,0.0,0.0,0.0,2024-07-19,8
102,0,0,,,,,2024-07-19,8
103,2089,2686,3353.5969271354506,0.0,0.0,0.0,2024-07-19,8
104,1751,2032,3465.2483457633016,0.0,0.0,0.0,2024-07-19,8
105,1555,1672,3952.8187552294194,0.0,0.0,0.0,2024-07-19,8
106,1029,1100,4747.63798149262,0.0,0.0,0.0,2024-07-19,8
107,32,32,919.6526608693014,0.0,0.0,6.25,2024-07-19,8
108,0,0,,,,,2024-07-19,8
109,943,999,760.7395143134336,0.0,0.0,0.0,2024-07-19,8
110,902,998,1137.7116952472566,0.0,0.0,0.0,2024-07-19,8
111,1114,1315,669.058293344474,0.0,0.0,25.627376425855513,2024-07-19,8
112,1353,1484,1391.5342538141526,0.0,0.0,0.0,2024-07-19,8
113,145,334,699.3441330296827,0.0,0.0,6.287425149700598,2024-07-19,8
114,1589,2201,1168.971616206406,0.0,0.0,0.0,2024-07-19,8
115,263,269,1738.48781251407,0.0,0.0,0.0,2024-07-19,8
116,46,62,1669.8915220335257,0.0,0.0,0.0,2024-07-19,8
117,74,99,1764.170686249184,0.0,0.0,0.0,2024-07-19,8
118,53,68,746.5347808377136,0.0,0.0,0.0,2024-07-19,8
119,431,616,1342.1361613004074,0.0,0.0,0.0,2024-07-19,8
120,828,2075,1543.465452537131,0.0,0.0,0.0,2024-07-19,8
121,156,1249,2007.1014851482535,0.0,0.0,0.0,2024-07-19,8
122,178,1002,1826.3128930027453,0.0,0.0,0.0,2024-07-19,8
123,2,2,807.5418786974999,0.0,0.0,0.0,2024-07-19,8
124,172,1505,1523.189281629196,0.0,0.0,0.0,2024-07-19,8
125,260,1342,1947.6674903936369,0.0,0.0,0.0,2024-07-19,8
126,717,2197,2228.1373035416786,0.0,0.0,0.0,2024-07-19,8
127,0,0,,,,,2024-07-19,8
128,46,345,1635.144355485216,0.0,0.0,0.0,2024-07-19,8
129,1327,1569,934.8013541607448,0.0,0.0,0.0,2024-07-19,8
130,133,424,1355.0095853760122,0.0,0.0,0.0,2024-07-19,8
131,1087,2247,1565.7506513130725,0.0,0.0,0.0,2024-07-19,8
132,1066,3263,1537.1778848842782,0.0,0.0,0.0,2024-07-19,8
133,285,302,938.651340430254,0.0,0.0,0.0,2024-07-19,8
134,7,7,2864.425942855903,0.0,0.0,0.0,2024-07-19,8
135,160,165,3446.9649346148694,0.0,0.0,0.0,2024-07-19,8
136,4,4,2974.936704140425,0.0,0.0,0.0,2024-07-19,8
137,299,299,3784.5176962918563,0.0,0.0,0.0,2024-07-19,8
138,228,228,3318.998444668932,0.0,0.0,0.0,2024-07-19,8
139,552,564,2491.6535685404688,0.0,0.0,0.0,2024-07-19,8
140,92,92,1211.3698346367942,0.0,0.0,0.0,2024-07-19,8
141,309,309,2788.6357916089783,0.0,0.0,0.0,2024-07-19,8
142,191,193,3072.0195949161844,0.0,0.0,0.0,2024-07-19,8
143,526,526,2248.654609075252,0.0,0.0,0.0,2024-07-19,8
144,207,207,2004.621170026253,0.0,0.0,0.0,2024-07-19,8
145,2,2,2325.089000557885,0.0,0.0,0.0,2024-07-19,8
146,0,0,,,,,2024-07-19,8
147,38,38,1285.6400560155842,0.0,0.0,0.0,2024-07-19,8
148,447,476,659.855977618666,0.0,0.0,1.2605042016806722,2024-07-19,8
149,1380,1391,684.4656353832696,0.0,0.0,10.783608914450037,2024-07-19,8
150,945,945,1887.3217521938461,0.0,0.0,0.0,2024-07-19,8
151,34,34,854.2357277268457,0.0,0.0,0.0,2024-07-19,8
152,23,24,1320.60170964322,0.0,0.0,0.0,2024-07-19,8
153,60,60,2168.9538525577245,0.0,0.0,0.0,2024-07-19,8
154,122,122,1079.9532926908432,0.0,0.0,0.0,2024-07-19,8
155,624,624,688.8106630295866,0.0,0.0,4.166666666666666,2024-07-19,8
156,0,0,,,,,2024-07-19,8
157,0,0,,,,,2024-07-19,8
158,138,139,569.191337361892,0.0,0.0,14.388489208633093,2024-07-19,8
159,238,238,604.703836858407,0.0,0.0,26.89075630252101,2024-07-19,8
160,299,299,315.8134293648931,2.6755852842809364,32.10702341137124,99.33110367892976,2024-07-19,8
161,391,391,271.647955350669,3.8363171355498724,39.89769820971867,100.0,2024-07-19,8
162,315,315,611.7654717489477,0.0,0.0,24.444444444444443,2024-07-19,8
163,498,498,620.7827396182716,0.0,0.0,10.843373493975903,2024-07-19,8
164,527,527,773.4393480080283,0.0,0.0,0.0,2024-07-19,8
165,1111,1111,482.68234073463526,0.0,14.581458145814583,57.78577857785778,2024-07-19,8
166,1425,1425,1048.3738512959878,0.0,0.0,0.0,2024-07-19,8
167,1665,1729,1207.9971713278323,0.0,0.0,0.0,2024-07-19,8
168,1154,1211,1257.9185622399075,0.0,0.0,0.0,2024-07-19,8
169,1200,1243,881.7517518113316,0.0,0.0,0.0,2024-07-19,8
170,2355,2411,737.4466797950713,0.0,0.0,9.290750725839901,2024-07-19,8
171,498,498,618.8343990681869,0.0,0.0,18.27309236947791,2024-07-19,8
172,1794,1794,801.2336866442931,0.0,0.0,14.771460423634336,2024-07-19,8
173,1583,1583,354.90574645119807,0.0,26.658243840808595,84.01768793430196,2024-07-19,8
174,1154,1187,1295.3978365755436,0.0,0.0,0.0,2024-07-19,8
175,150,160,1683.7327810638003,0.0,0.0,0.0,2024-07-19,8
176,824,824,984.4901205012465,0.0,0.0,0.0,2024-07-19,8
177,1697,1697,668.3553259806009,1.4142604596346495,8.36770771950501,25.456688273423687,2024-07-19,8
178,1430,1430,1542.9282466721256,0.0,0.0,0.0,2024-07-19,8
179,646,646,3507.7064776659445,0.0,0.0,0.0,2024-07-19,8
180,611,611,3946.8021431586794,0.0,0.0,0.0,2024-07-19,8
0,0,0,,,,,2024-07-19,9
1,1,1,4372.484767546796,0.0,0.0,0.0,2024-07-19,9
2,0,0,,,,,2024-07-19,9
3,2265,4088,1059.332429850254,0.0,0.0,0.0,2024-07-19,9
4,316,662,360.17647807836823,0.4531722054380665,35.95166163141994,70.09063444108762,2024-07-19,9
5,478,676,765.920411127662,0.0,18.34319526627219,25.443786982248522,2024-07-19,9
6,551,774,504.9899944947853,0.0,0.0,48.57881136950905,2024-07-19,9
7,604,1293,405.9896031744198,3.3255993812838365,25.135344160866204,64.96519721577727,2024-07-19,9
8,820,1803,506.29210941890653,0.0,0.0,46.8663338879645,2024-07-19,9
9,1293,1758,585.5718571125439,1.0807736063708762,9.385665529010238,31.968145620022753,2024-07-19,9
10,698,1136,319.3067314801162,11.003521126760564,22.711267605633804,90.3169014084507,2024-07-19,9
11,856,1084,149.54384008395536,28.321033210332104,89.11439114391145,100.0,2024-07-19,9
12,2030,3678,283.6176764021891,8.183795541054922,34.448069603045134,98.36867862969005,2024-07-19,9
13,302,455,436.0505978282769,0.0,0.0,66.37362637362637,2024-07-19,9
14,1033,1764,343.2189741116726,0.7936507936507936,24.546485260770975,92.06349206349206,2024-07-19,9
15,1810,2948,402.620734316612,0.44097693351424694,10.210312075983717,76.28900949796473,2024-07-19,9
16,1846,3146,431.5617622012909,3.9097266369993644,23.585505403687222,58.2326764144946,2024-07-19,9
17,1167,2213,286.39825746109307,6.05512878445549,37.41527338454587,99.32218707636692,2024-07-19,9
18,593,940,710.906636334396,0.0,0.0,3.0851063829787235,2024-07-19,9
19,1646,2719,812.4705951157757,0.0,0.0,14.711290915777859,2024-07-19,9
20,3441,5180,189.04374117807112,16.023166023166024,76.62162162162161,100.0,2024-07-19,9
21,1224,2289,355.43880964286154,5.1550895587592835,17.64962865880297,97.07295762341633,2024-07-19,9
22,254,407,397.2161727445419,0.4914004914004914,28.00982800982801,56.51105651105651,2024-07-19,9
23,785,1634,294.2747119579098,3.610771113831089,22.215422276621787,100.0,2024-07-19,9
24,1765,3033,217.6874546313405,11.770524233432244,62.41345202769535,100.0,2024-07-19,9
25,653,1107,546.9526585127721,0.0,0.0,18.428184281842817,2024-07-19,9
26,1323,3207,306.0468144870516,5.425631431244153,31.11942625506704,94.48082319925165,2024-07-19,9
27,1521,3433,479.03854332057864,0.0,7.602679871832217,51.441887561899215,2024-07-19,9
28,1773,2076,708.6490739967683,0.0,0.0,16.233140655105974,2024-07-19,9
29,100,210,272.13715040088994,0.0,48.095238095238095,98.09523809523809,2024-07-19,9
30,1031,2968,461.6494421535421,0.0,11.691374663072777,58.55795148247979,2024-07-19,9
31,550,550,677.1558155707862,0.0,0.0,38.18181818181819,2024-07-19,9
32,655,1002,363.21794855309463,11.87624750499002,53.39321357285429,69.061876247505,2024-07-19,9
33,2374,3319,783.3174374350575,4.097619764989455,16.239831274480267,47.454052425429346,2024-07-19,9
34,157,201,624.4813692422725,0.0,0.0,0.9950248756218906,2024-07-19,9
35,3724,5534,354.93340132253275,4.8608601373328515,28.966389591615467,79.45428261655222,2024-07-19,9
36,1596,2997,282.57293336229117,7.340674007340674,44.37771104437771,97.16383049716383,2024-07-19,9
37,346,1194,294.40805206214424,0.0,22.529313232830823,100.0,2024-07-19,9
38,2317,3640,519.2693238987534,0.0,0.8791208791208791,44.83516483516484,2024-07-19,9
39,844,1995,492.60328959402136,10.025062656641603,15.037593984962406,40.6015037593985,2024-07-19,9
40,401,1166,377.75169828053845,0.0,24.78559176672384,69.55403087478558,2024-07-19,9
41,687,2180,222.21184073951434,10.825688073394495,59.22018348623853,100.0,2024-07-19,9
42,2008,3202,334.5717884256968,4.62211118051218,24.45346658338538,96.12742036227357,2024-07-19,9
43,643,1314,330.6135514774951,1.750380517503805,22.526636225266362,97.86910197869102,2024-07-19,9
44,1650,3794,311.0469647711127,5.21876647337902,37.717448603057456,89.06167633104903,2024-07-19,9
45,3476,6025,181.06794614178952,19.601659751037346,77.69294605809128,100.0,2024-07-19,9
46,2039,3491,215.96259127707322,14.437124033228303,60.928100830707535,100.0,2024-07-19,9
47,2382,4047,197.98580138435491,15.196441808747222,67.18556955769705,100.0,2024-07-19,9
48,3976,7160,164.51587963710855,19.050279329608937,86.3268156424581,100.0,2024-07-19,9
49,676,1187,482.7359406326943,0.5897219882055602,3.0328559393428813,47.93597304128054,2024-07-19,9
50,135,420,288.8409877519637,34.285714285714285,64.76190476190476,83.33333333333334,2024-07-19,9
51,853,2982,667.4492486018333,0.0,1.4419852448021462,29.912810194500334,2024-07-19,9
52,538,1590,245.45437938473827,10.817610062893083,50.44025157232704,99.87421383647799,2024-07-19,9
53,285,377,1144.7089695994887,0.0,0.0,0.5305039787798408,2024-07-19,9
54,1292,3880,344.94574699257566,3.556701030927835,30.103092783505154,82.91237113402062,2024-07-19,9
55,1020,3067,259.943554489332,0.22823606129768503,38.31105314639713,100.0,2024-07-19,9
56,1406,2495,266.1193231618206,10.06012024048096,38.95791583166333,100.0,2024-07-19,9
57,2196,5249,331.5320061150351,4.705658220613451,33.77786244999047,83.17774814250333,2024-07-19,9
58,2027,4649,123.20546768969696,51.08625510862551,92.70810927081092,100.0,2024-07-19,9
59,314,576,173.9539223459916,3.9930555555555554,97.91666666666666,100.0,2024-07-19,9
60,1030,1918,201.3714958392978,18.039624608967674,62.77372262773723,100.0,2024-07-19,9
61,2298,4746,209.5095206853411,17.93088916982722,64.72819216182049,100.0,2024-07-19,9
62,1313,1907,314.5101070542242,3.303618248557944,39.43366544310435,90.2464604090194,2024-07-19,9
63,1146,2455,181.80236465216782,8.309572301425662,84.96945010183299,100.0,2024-07-19,9
64,2284,4458,170.35464918876963,40.242261103633915,75.59443696724989,99.46164199192464,2024-07-19,9
65,3004,6050,311.4131434236652,8.826446280991735,41.32231404958678,85.17355371900827,2024-07-19,9
66,2169,4253,508.1249566302737,0.0,1.4577944980014106,47.98965436162709,2024-07-19,9
67,1225,2632,554.2485640080253,0.0,5.813069908814589,38.183890577507604,2024-07-19,9
68,921,1801,398.32226038603636,0.0,6.385341476957246,91.7823431426985,2024-07-19,9
69,1057,1853,376.0342080336912,4.155423637344846,11.76470588235294,86.77819751753913,2024-07-19,9
70,1369,2573,394.90795290334006,1.2436844150796735,11.69840652934318,81.84998056743102,2024-07-19,9
71,1514,3024,321.5708957299251,0.8267195767195766,19.17989417989418,100.0,2024-07-19,9
72,846,2081,237.1575138757813,3.8923594425756844,61.172513214800574,100.0,2024-07-19,9
73,1409,3470,311.6220143219432,2.420749279538905,30.547550432276655,96.68587896253602,2024-07-19,9
74,3542,8463,272.8308182310088,5.730828311473473,42.73898144865887,96.14793808342196,2024-07-19,9
75,1467,3612,390.2272121391291,1.8549280177187155,15.337763012181615,79.9280177187154,2024-07-19,9
76,1232,3420,472.2320902499644,3.625730994152047,14.269005847953217,51.11111111111111,2024-07-19,9
77,1757,4759,789.1995458722683,0.0,0.0,5.778524900189115,2024-07-19,9
78,474,943,851.1257423535121,13.57370095440085,13.891834570519618,27.67762460233298,2024-07-19,9
79,959,3124,289.52811417249796,8.25864276568502,36.93982074263765,99.8719590268886,2024-07-19,9
80,1903,3627,452.8821535343968,0.6617038875103392,11.855527984560242,58.86407499310725,2024-07-19,9
81,1180,3537,292.36731385077474,5.484874187164263,30.449533502968617,99.94345490528697,2024-07-19,9
82,11,101,146.13220726677363,0.0,99.00990099009901,100.0,2024-07-19,9
83,900,1763,584.92468281543,0.0,2.7226318774815654,26.602382302892796,2024-07-19,9
84,1296,3323,311.8691676004824,8.245561239843514,37.13511886849233,86.45801986157086,2024-07-19,9
85,1112,3224,367.6275221225738,5.303970223325062,32.59925558312655,72.98387096774194,2024-07-19,9
86,1164,2420,526.5107614225666,0.0,0.0,39.710743801652896,2024-07-19,9
87,1011,1723,400.76149283413844,0.0,23.50551363900174,68.6012768427162,2024-07-19,9
88,831,3238,270.3962375036087,0.3088326127239036,51.791229153798646,100.0,2024-07-19,9
89,1762,3735,455.36914218645853,4.551539491298527,14.67202141900937,50.20080321285141,2024-07-19,9
90,1350,1613,329.39103777729804,4.091754494730316,37.011779293242405,82.33106013639183,2024-07-19,9
91,1961,3517,344.4754419653219,4.549331816889395,29.257890247369918,83.45180551606482,2024-07-19,9
92,2332,5184,312.5808021063974,2.9320987654320985,34.62577160493827,93.07484567901234,2024-07-19,9
93,1752,3924,391.97116915158887,3.4403669724770642,17.252803261977572,74.54128440366972,2024-07-19,9
94,1547,1902,561.1323117491883,21.451104100946374,21.766561514195583,38.380651945320714,2024-07-19,9
95,1261,1556,450.07398835908316,0.3213367609254499,20.629820051413883,54.88431876606684,2024-07-19,9
96,2543,3155,381.46971439825717,5.26148969889065,30.459587955625988,75.87955625990492,2024-07-19,9
97,1025,1066,572.5429623189319,0.0,0.0,31.801125703564725,2024-07-19,9
98,63,63,1621.8101158801824,0.0,0.0,0.0,2024-07-19,9
99,0,0,,,,,2024-07-19,9
100,188,350,2613.0094934260364,0.0,0.0,0.0,2024-07-19,9
101,635,668,2961.5227688999125,0.0,0.0,0.0,2024-07-19,9
102,0,0,,,,,2024-07-19,9
103,2089,2686,3353.5969271354506,0.0,0.0,0.0,2024-07-19,9
104,1751,2032,3465.2483457633016,0.0,0.0,0.0,2024-07-19,9
105,1555,1672,3952.8187552294194,0.0,0.0,0.0,2024-07-19,9
106,1029,1100,4747.63798149262,0.0,0.0,0.0,2024-07-19,9
107,32,32,919.6526608693014,0.0,0.0,6.25,2024-07-19,9
108,0,0,,,,,2024-07-19,9
109,943,999,760.7395143134336,0.0,0.0,0.0,2024-07-19,9
110,902,998,1137.7116952472566,0.0,0.0,0.0,2024-07-19,9
111,1114,1315,669.058293344474,0.0,0.0,25.627376425855513,2024-07-19,9
112,1353,1484,1391.5342538141526,0.0,0.0,0.0,2024-07-19,9
113,145,334,699.3441330296827,0.0,0.0,6.287425149700598,2024-07-19,9
114,1589,2201,1168.971616206406,0.0,0.0,0.0,2024-07-19,9
115,263,269,1738.48781251407,0.0,0.0,0.0,2024-07-19,9
116,46,62,1669.8915220335257,0.0,0.0,0.0,2024-07-19,9
117,74,99,1764.170686249184,0.0,0.0,0.0,2024-07-19,9
118,53,68,746.5347808377136,0.0,0.0,0.0,2024-07-19,9
119,431,616,1342.1361613004074,0.0,0.0,0.0,2024-07-19,9
120,828,2075,1543.465452537131,0.0,0.0,0.0,2024-07-19,9
121,156,1249,2007.1014851482535,0.0,0.0,0.0,2024-07-19,9
122,178,1002,1826.3128930027453,0.0,0.0,0.0,2024-07-19,9
123,2,2,807.5418786974999,0.0,0.0,0.0,2024-07-19,9
124,172,1505,1523.189281629196,0.0,0.0,0.0,2024-07-19,9
125,260,1342,1947.6674903936369,0.0,0.0,0.0,2024-07-19,9
126,717,2197,2228.1373035416786,0.0,0.0,0.0,2024-07-19,9
127,0,0,,,,,2024-07-19,9
128,46,345,1635.144355485216,0.0,0.0,0.0,2024-07-19,9
129,1327,1569,934.8013541607448,0.0,0.0,0.0,2024-07-19,9
130,133,424,1355.0095853760122,0.0,0.0,0.0,2024-07-19,9
131,1087,2247,1565.7506513130725,0.0,0.0,0.0,2024-07-19,9
132,1066,3263,1537.1778848842782,0.0,0.0,0.0,2024-07-19,9
133,285,302,938.651340430254,0.0,0.0,0.0,2024-07-19,9
134,7,7,2864.425942855903,0.0,0.0,0.0,2024-07-19,9
135,160,165,3446.9649346148694,0.0,0.0,0.0,2024-07-19,9
136,4,4,2974.936704140425,0.0,0.0,0.0,2024-07-19,9
137,299,299,3784.5176962918563,0.0,0.0,0.0,2024-07-19,9
138,228,228,3318.998444668932,0.0,0.0,0.0,2024-07-19,9
139,552,564,2491.6535685404688,0.0,0.0,0.0,2024-07-19,9
140,92,92,1211.3698346367942,0.0,0.0,0.0,2024-07-19,9
141,309,309,2788.6357916089783,0.0,0.0,0.0,2024-07-19,9
142,191,193,3072.0195949161844,0.0,0.0,0.0,2024-07-19,9
143,526,526,2248.654609075252,0.0,0.0,0.0,2024-07-19,9
144,207,207,2004.621170026253,0.0,0.0,0.0,2024-07-19,9
145,2,2,2325.089000557885,0.0,0.0,0.0,2024-07-19,9
146,0,0,,,,,2024-07-19,9
147,38,38,1285.6400560155842,0.0,0.0,0.0,2024-07-19,9
148,447,476,659.855977618666,0.0,0.0,1.2605042016806722,2024-07-19,9
149,1380,1391,684.4656353832696,0.0,0.0,10.783608914450037,2024-07-19,9
150,945,945,1887.3217521938461,0.0,0.0,0.0,2024-07-19,9
151,34,34,854.2357277268457,0.0,0.0,0.0,2024-07-19,9
152,23,24,1320.60170964322,0.0,0.0,0.0,2024-07-19,9
153,60,60,2168.9538525577245,0.0,0.0,0.0,2024-07-19,9
154,122,122,1079.9532926908432,0.0,0.0,0.0,2024-07-19,9
155,624,624,688.8106630295866,0.0,0.0,4.166666666666666,2024-07-19,9
156,0,0,,,,,2024-07-19,9
157,0,0,,,,,2024-07-19,9
158,138,139,569.191337361892,0.0,0.0,14.388489208633093,2024-07-19,9
159,238,238,604.703836858407,0.0,0.0,26.89075630252101,2024-07-19,9
160,299,299,315.8134293648931,2.6755852842809364,32.10702341137124,99.33110367892976,2024-07-19,9
161,391,391,271.647955350669,3.8363171355498724,39.89769820971867,100.0,2024-07-19,9
162,315,315,611.7654717489477,0.0,0.0,24.444444444444443,2024-07-19,9
163,498,498,620.7827396182716,0.0,0.0,10.843373493975903,2024-07-19,9
164,527,527,773.4393480080283,0.0,0.0,0.0,2024-07-19,9
165,1111,1111,482.68234073463526,0.0,14.581458145814583,57.78577857785778,2024-07-19,9
166,1425,1425,1048.3738512959878,0.0,0.0,0.0,2024-07-19,9
167,1665,1729,1207.9971713278323,0.0,0.0,0.0,2024-07-19,9
168,1154,1211,1257.9185622399075,0.0,0.0,0.0,2024-07-19,9
169,1200,1243,881.7517518113316,0.0,0.0,0.0,2024-07-19,9
170,2355,2411,737.4466797950713,0.0,0.0,9.290750725839901,2024-07-19,9
171,498,498,618.8343990681869,0.0,0.0,18.27309236947791,2024-07-19,9
172,1794,1794,801.2336866442931,0.0,0.0,14.771460423634336,2024-07-19,9
173,1583,1583,354.90574645119807,0.0,26.658243840808595,84.01768793430196,2024-07-19,9
174,1154,1187,1295.3978365755436,0.0,0.0,0.0,2024-07-19,9
175,150,160,1683.7327810638003,0.0,0.0,0.0,2024-07-19,9
176,824,824,984.4901205012465,0.0,0.0,0.0,2024-07-19,9
177,1697,1697,668.3553259806009,1.4142604596346495,8.36770771950501,25.456688273423687,2024-07-19,9
178,1430,1430,1542.9282466721256,0.0,0.0,0.0,2024-07-19,9
179,646,646,3507.7064776659445,0.0,0.0,0.0,2024-07-19,9
180,611,611,3946.8021431586794,0.0,0.0,0.0,2024-07-19,9
0,0,0,,,,,2024-07-19,10
1,1,1,4372.484767546796,0.0,0.0,0.0,2024-07-19,10
2,0,0,,,,,2024-07-19,10
3,2265,4088,1059.332429850254,0.0,0.0,0.0,2024-07-19,10
4,316,662,360.17647807836823,0.4531722054380665,35.95166163141994,70.09063444108762,2024-07-19,10
5,478,676,765.920411127662,0.0,18.34319526627219,25.443786982248522,2024-07-19,10
6,551,774,448.5217059503659,0.0,0.0,69.37984496124031,2024-07-19,10
7,604,1293,405.9896031744198,3.3255993812838365,25.135344160866204,64.96519721577727,2024-07-19,10
8,820,1803,506.29210941890653,0.0,0.0,46.8663338879645,2024-07-19,10
9,1293,1758,585.5718571125439,1.0807736063708762,9.385665529010238,31.968145620022753,2024-07-19,10
10,698,1136,315.6399166707171,11.003521126760564,22.711267605633804,90.3169014084507,2024-07-19,10
11,856,1084,149.54384008395536,28.321033210332104,89.11439114391145,100.0,2024-07-19,10
12,2030,3678,263.5825044741008,8.183795541054922,43.1484502446982,98.69494290375204,2024-07-19,10
13,302,455,436.0505978282769,0.0,0.0,66.37362637362637,2024-07-19,10
14,1033,1764,343.2189741116726,0.7936507936507936,24.546485260770975,92.06349206349206,2024-07-19,10
15,1810,2948,402.620734316612,0.44097693351424694,10.210312075983717,76.28900949796473,2024-07-19,10
16,1846,3146,431.5617622012909,3.9097266369993644,23.585505403687222,58.2326764144946,2024-07-19,10
17,1167,2213,286.39825746109307,6.05512878445549,37.41527338454587,99.32218707636692,2024-07-19,10
18,593,940,710.906636334396,0.0,0.0,3.0851063829787235,2024-07-19,10
19,1646,2719,812.4705951157757,0.0,0.0,14.711290915777859,2024-07-19,10
20,3441,5180,205.3269813097288,12.027027027027028,71.87258687258688,100.0,2024-07-19,10
21,1224,2289,366.0153479293464,5.1550895587592835,17.343818261249456,92.92267365661861,2024-07-19,10
22,254,407,411.242102219963,0.4914004914004914,28.00982800982801,47.91154791154791,2024-07-19,10
23,785,1634,294.2747119579098,3.610771113831089,22.215422276621787,100.0,2024-07-19,10
24,1765,3033,245.59684219291614,8.803165182987142,50.4121332014507,100.0,2024-07-19,10
25,653,1107,546.9526585127721,0.0,0.0,18.428184281842817,2024-07-19,10
26,1323,3207,305.59091279554775,5.425631431244153,31.11942625506704,95.16682257561584,2024-07-19,10
27,1521,3433,479.03375105403666,0.0,7.602679871832217,51.441887561899215,2024-07-19,10
28,1773,2076,708.6490739967683,0.0,0.0,16.233140655105974,2024-07-19,10
29,100,210,272.13715040088994,0.0,48.095238095238095,98.09523809523809,2024-07-19,10
30,1031,2968,461.6494421535421,0.0,11.691374663072777,58.55795148247979,2024-07-19,10
31,550,550,677.1558155707862,0.0,0.0,38.18181818181819,2024-07-19,10
32,655,1002,363.21794855309463,11.87624750499002,53.39321357285429,69.061876247505,2024-07-19,10
33,2374,3319,783.3174374350575,4.097619764989455,16.239831274480267,47.454052425429346,2024-07-19,10
34,157,201,624.4813692422725,0.0,0.0,0.9950248756218906,2024-07-19,10
35,3724,5534,354.93340132253275,4.8608601373328515,28.966389591615467,79.45428261655222,2024-07-19,10
36,1596,2997,282.57293336229117,7.340674007340674,44.37771104437771,97.16383049716383,2024-07-19,10
37,346,1194,294.40805206214424,0.0,22.529313232830823,100.0,2024-07-19,10
38,2317,3640,519.2693238987534,0.0,0.8791208791208791,44.83516483516484,2024-07-19,10
39,844,1995,492.60328959402136,10.025062656641603,15.037593984962406,40.6015037593985,2024-07-19,10
40,401,1166,377.75169828053845,0.0,24.78559176672384,69.55403087478558,2024-07-19,10
41,687,2180,222.21184073951434,10.825688073394495,59.22018348623853,100.0,2024-07-19,10
42,2008,3202,333.20065413513726,4.62211118051218,24.45346658338538,97.50156152404747,2024-07-19,10
43,643,1314,330.6135514774951,1.750380517503805,22.526636225266362,97.86910197869102,2024-07-19,10
44,1650,3794,227.32489296205276,12.519768054823405,58.513442277279914,100.0,2024-07-19,10
45,3476,6025,208.23235776021204,17.29460580912863,66.85477178423237,99.30290456431536,2024-07-19,10
46,2039,3491,271.8935486068304,8.908622171297623,41.67860211973646,97.39329704955601,2024-07-19,10
47,2382,4047,199.23757296806752,14.628119594761552,67.18556955769705,100.0,2024-07-19,10
48,3976,7160,234.8941016992105,8.840782122905027,57.70949720670391,100.0,2024-07-19,10
49,676,1187,172.46215478893885,31.25526537489469,76.832350463353,100.0,2024-07-19,10
50,135,420,288.8409877519637,34.285714285714285,64.76190476190476,83.33333333333334,2024-07-19,10
51,853,2982,667.4492486018333,0.0,1.4419852448021462,29.912810194500334,2024-07-19,10
52,538,1590,245.45437938473827,10.817610062893083,50.44025157232704,99.87421383647799,2024-07-19,10
53,285,377,1144.7089695994887,0.0,0.0,0.5305039787798408,2024-07-19,10
54,1292,3880,344.94574699257566,3.556701030927835,30.103092783505154,82.91237113402062,2024-07-19,10
55,1020,3067,259.943554489332,0.22823606129768503,38.31105314639713,100.0,2024-07-19,10
56,1406,2495,266.1193231618206,10.06012024048096,38.95791583166333,100.0,2024-07-19,10
57,2196,5249,331.5320061150351,4.705658220613451,33.77786244999047,83.17774814250333,2024-07-19,10
58,2027,4649,123.20546768969696,51.08625510862551,92.70810927081092,100.0,2024-07-19,10
59,314,576,173.9539223459916,3.9930555555555554,97.91666666666666,100.0,2024-07-19,10
60,1030,1918,201.3714958392978,18.039624608967674,62.77372262773723,100.0,2024-07-19,10
61,2298,4746,222.50053942194813,17.340918668352295,59.92414664981036,100.0,2024-07-19,10
62,1313,1907,289.56194748128183,3.303618248557944,40.22024121657053,99.47561615102255,2024-07-19,10
63,1146,2455,181.80236465216782,8.309572301425662,84.96945010183299,100.0,2024-07-19,10
64,2284,4458,176.71289192189542,36.42889187976671,75.19066846119335,99.46164199192464,2024-07-19,10
65,3004,6050,311.4131434236652,8.826446280991735,41.32231404958678,85.17355371900827,2024-07-19,10
66,2169,4253,508.1249566302737,0.0,1.4577944980014106,47.98965436162709,2024-07-19,10
67,1225,2632,554.2485640080253,0.0,5.813069908814589,38.183890577507604,2024-07-19,10
68,921,1801,408.4244290001273,0.0,6.385341476957246,86.1188228761799,2024-07-19,10
69,1057,1853,376.0342080336912,4.155423637344846,11.76470588235294,86.77819751753913,2024-07-19,10
70,1369,2573,394.90795290334006,1.2436844150796735,11.69840652934318,81.84998056743102,2024-07-19,10
71,1514,3024,321.5708957299251,0.8267195767195766,19.17989417989418,100.0,2024-07-19,10
72,846,2081,239.21266252872064,3.8923594425756844,61.172513214800574,100.0,2024-07-19,10
73,1409,3470,311.6220143219432,2.420749279538905,30.547550432276655,96.68587896253602,2024-07-19,10
74,3542,8463,272.8308182310088,5.730828311473473,42.73898144865887,96.14793808342196,2024-07-19,10
75,1467,3612,390.2272121391291,1.8549280177187155,15.337763012181615,79.9280177187154,2024-07-19,10
76,1232,3420,472.2320902499644,3.625730994152047,14.269005847953217,51.11111111111111,2024-07-19,10
77,1757,4759,789.1995458722683,0.0,0.0,5.778524900189115,2024-07-19,10
78,474,943,851.1257423535121,13.57370095440085,13.891834570519618,27.67762460233298,2024-07-19,10
79,959,3124,289.52811417249796,8.25864276568502,36.93982074263765,99.8719590268886,2024-07-19,10
80,1903,3627,452.8821535343968,0.6617038875103392,11.855527984560242,58.86407499310725,2024-07-19,10
81,1180,3537,292.36731385077474,5.484874187164263,30.449533502968617,99.94345490528697,2024-07-19,10
82,11,101,146.13220726677363,0.0,99.00990099009901,100.0,2024-07-19,10
83,900,1763,584.92468281543,0.0,2.7226318774815654,26.602382302892796,2024-07-19,10
84,1296,3323,311.8691676004824,8.245561239843514,37.13511886849233,86.45801986157086,2024-07-19,10
85,1112,3224,367.6275221225738,5.303970223325062,32.59925558312655,72.98387096774194,2024-07-19,10
86,1164,2420,526.5107614225666,0.0,0.0,39.710743801652896,2024-07-19,10
87,1011,1723,400.76149283413844,0.0,23.50551363900174,68.6012768427162,2024-07-19,10
88,831,3238,270.3962375036087,0.3088326127239036,51.791229153798646,100.0,2024-07-19,10
89,1762,3735,455.36914218645853,4.551539491298527,14.67202141900937,50.20080321285141,2024-07-19,10
90,1350,1613,329.39103777729804,4.091754494730316,37.011779293242405,82.33106013639183,2024-07-19,10
91,1961,3517,344.4754419653219,4.549331816889395,29.257890247369918,83.45180551606482,2024-07-19,10
92,2332,5184,312.5808021063974,2.9320987654320985,34.62577160493827,93.07484567901234,2024-07-19,10
93,1752,3924,391.97116915158887,3.4403669724770642,17.252803261977572,74.54128440366972,2024-07-19,10
94,1547,1902,561.1323117491883,21.451104100946374,21.766561514195583,38.380651945320714,2024-07-19,10
95,1261,1556,450.07398835908316,0.3213367609254499,20.629820051413883,54.88431876606684,2024-07-19,10
96,2543,3155,381.46971439825717,5.26148969889065,30.459587955625988,75.87955625990492,2024-07-19,10
97,1025,1066,577.2714335481935,0.0,0.0,31.801125703564725,2024-07-19,10
98,63,63,1621.8101158801824,0.0,0.0,0.0,2024-07-19,10
99,0,0,,,,,2024-07-19,10
100,188,350,2613.0094934260364,0.0,0.0,0.0,2024-07-19,10
101,635,668,2961.5227688999125,0.0,0.0,0.0,2024-07-19,10
102,0,0,,,,,2024-07-19,10
103,2089,2686,3353.5969271354506,0.0,0.0,0.0,2024-07-19,10
104,1751,2032,3465.2483457633016,0.0,0.0,0.0,2024-07-19,10
105,1555,1672,3952.8187552294194,0.0,0.0,0.0,2024-07-19,10
106,1029,1100,4747.63798149262,0.0,0.0,0.0,2024-07-19,10
107,32,32,919.6526608693014,0.0,0.0,6.25,2024-07-19,10
108,0,0,,,,,2024-07-19,10
109,943,999,760.7395143134336,0.0,0.0,0.0,2024-07-19,10
110,902,998,1137.7116952472566,0.0,0.0,0.0,2024-07-19,10
111,1114,1315,669.058293344474,0.0,0.0,25.627376425855513,2024-07-19,10
112,1353,1484,1391.5342538141526,0.0,0.0,0.0,2024-07-19,10
113,145,334,699.3441330296827,0.0,0.0,6.287425149700598,2024-07-19,10
114,1589,2201,1168.971616206406,0.0,0.0,0.0,2024-07-19,10
115,263,269,1738.48781251407,0.0,0.0,0.0,2024-07-19,10
116,46,62,1669.8915220335257,0.0,0.0,0.0,2024-07-19,10
117,74,99,1764.170686249184,0.0,0.0,0.0,2024-07-19,10
118,53,68,746.5347808377136,0.0,0.0,0.0,2024-07-19,10
119,431,616,1342.1361613004074,0.0,0.0,0.0,2024-07-19,10
120,828,2075,1543.465452537131,0.0,0.0,0.0,2024-07-19,10
121,156,1249,2007.1014851482535,0.0,0.0,0.0,2024-07-19,10
122,178,1002,1826.3128930027453,0.0,0.0,0.0,2024-07-19,10
123,2,2,807.5418786974999,0.0,0.0,0.0,2024-07-19,10
124,172,1505,1523.189281629196,0.0,0.0,0.0,2024-07-19,10
125,260,1342,1947.6674903936369,0.0,0.0,0.0,2024-07-19,10
126,717,2197,2369.8622637015555,0.0,0.0,0.0,2024-07-19,10
127,0,0,,,,,2024-07-19,10
128,46,345,1635.144355485216,0.0,0.0,0.0,2024-07-19,10
129,1327,1569,934.8013541607448,0.0,0.0,0.0,2024-07-19,10
130,133,424,1355.0095853760122,0.0,0.0,0.0,2024-07-19,10
131,1087,2247,1565.7506513130725,0.0,0.0,0.0,2024-07-19,10
132,1066,3263,1756.3067368804889,0.0,0.0,0.0,2024-07-19,10
133,285,302,1002.5852489129961,0.0,0.0,0.0,2024-07-19,10
134,7,7,2935.742987879464,0.0,0.0,0.0,2024-07-19,10
135,160,165,3819.0568069931205,0.0,0.0,0.0,2024-07-19,10
136,4,4,2974.936704140425,0.0,0.0,0.0,2024-07-19,10
137,299,299,4093.8995799898735,0.0,0.0,0.0,2024-07-19,10
138,228,228,3318.998444668932,0.0,0.0,0.0,2024-07-19,10
139,552,564,2491.6535685404688,0.0,0.0,0.0,2024-07-19,10
140,92,92,1211.3698346367942,0.0,0.0,0.0,2024-07-19,10
141,309,309,2788.6357916089783,0.0,0.0,0.0,2024-07-19,10
142,191,193,3072.0195949161844,0.0,0.0,0.0,2024-07-19,10
143,526,526,2248.654609075252,0.0,0.0,0.0,2024-07-19,10
144,207,207,2004.621170026253,0.0,0.0,0.0,2024-07-19,10
145,2,2,2325.089000557885,0.0,0.0,0.0,2024-07-19,10
146,0,0,,,,,2024-07-19,10
147,38,38,1285.6400560155842,0.0,0.0,0.0,2024-07-19,10
148,447,476,659.855977618666,0.0,0.0,1.2605042016806722,2024-07-19,10
149,1380,1391,684.4656353832696,0.0,0.0,10.783608914450037,2024-07-19,10
150,945,945,1887.3217521938461,0.0,0.0,0.0,2024-07-19,10
151,34,34,854.2357277268457,0.0,0.0,0.0,2024-07-19,10
152,23,24,1320.60170964322,0.0,0.0,0.0,2024-07-19,10
153,60,60,2168.9538525577245,0.0,0.0,0.0,2024-07-19,10
154,122,122,1079.9532926908432,0.0,0.0,0.0,2024-07-19,10
155,624,624,688.8106630295866,0.0,0.0,4.166666666666666,2024-07-19,10
156,0,0,,,,,2024-07-19,10
157,0,0,,,,,2024-07-19,10
158,138,139,569.191337361892,0.0,0.0,14.388489208633093,2024-07-19,10
159,238,238,604.703836858407,0.0,0.0,26.89075630252101,2024-07-19,10
160,299,299,315.8134293648931,2.6755852842809364,32.10702341137124,99.33110367892976,2024-07-19,10
161,391,391,271.647955350669,3.8363171355498724,39.89769820971867,100.0,2024-07-19,10
162,315,315,611.7654717489477,0.0,0.0,24.444444444444443,2024-07-19,10
163,498,498,620.7827396182716,0.0,0.0,10.843373493975903,2024-07-19,10
164,527,527,773.4393480080283,0.0,0.0,0.0,2024-07-19,10
165,1111,1111,482.68234073463526,0.0,14.581458145814583,57.78577857785778,2024-07-19,10
166,1425,1425,1048.3738512959878,0.0,0.0,0.0,2024-07-19,10
167,1665,1729,1207.9971713278323,0.0,0.0,0.0,2024-07-19,10
168,1154,1211,1257.9185622399075,0.0,0.0,0.0,2024-07-19,10
169,1200,1243,881.7517518113316,0.0,0.0,0.0,2024-07-19,10
170,2355,2411,737.4466797950713,0.0,0.0,9.290750725839901,2024-07-19,10
171,498,498,618.8343990681869,0.0,0.0,18.27309236947791,2024-07-19,10
172,1794,1794,801.2336866442931,0.0,0.0,14.771460423634336,2024-07-19,10
173,1583,1583,354.90574645119807,0.0,26.658243840808595,84.01768793430196,2024-07-19,10
174,1154,1187,1295.3978365755436,0.0,0.0,0.0,2024-07-19,10
175,150,160,1683.7327810638003,0.0,0.0,0.0,2024-07-19,10
176,824,824,984.4901205012465,0.0,0.0,0.0,2024-07-19,10
177,1697,1697,668.3553259806009,1.4142604596346495,8.36770771950501,25.456688273423687,2024-07-19,10
178,1430,1430,1542.9282466721256,0.0,0.0,0.0,2024-07-19,10
179,646,646,3507.7064776659445,0.0,0.0,0.0,2024-07-19,10
180,611,611,3946.8021431586794,0.0,0.0,0.0,2024-07-19,10
0,0,0,,,,,2024-07-19,11
1,1,1,2568.1078748651607,0.0,0.0,0.0,2024-07-19,11
2,0,0,,,,,2024-07-19,11
3,2265,4088,444.6059490561701,12.622309197651663,28.791585127201564,57.90117416829745,2024-07-19,11
4,316,662,360.158827498108,0.4531722054380665,35.95166163141994,70.09063444108762,2024-07-19,11
5,478,676,765.920411127662,0.0,18.34319526627219,25.443786982248522,2024-07-19,11
6,551,774,444.8400642381266,0.0,0.0,69.37984496124031,2024-07-19,11
7,604,1293,405.9896031744198,3.3255993812838365,25.135344160866204,64.96519721577727,2024-07-19,11
8,820,1803,506.29210941890653,0.0,0.0,46.8663338879645,2024-07-19,11
9,1293,1758,585.5718571125439,1.0807736063708762,9.385665529010238,31.968145620022753,2024-07-19,11
10,698,1136,315.6399166707171,11.003521126760564,22.711267605633804,90.3169014084507,2024-07-19,11
11,856,1084,149.54384008395536,28.321033210332104,89.11439114391145,100.0,2024-07-19,11
12,2030,3678,263.5825044741008,8.183795541054922,43.1484502446982,98.69494290375204,2024-07-19,11
13,302,455,436.0505978282769,0.0,0.0,66.37362637362637,2024-07-19,11
14,1033,1764,343.2189741116726,0.7936507936507936,24.546485260770975,92.06349206349206,2024-07-19,11
15,1810,2948,402.620734316612,0.44097693351424694,10.210312075983717,76.28900949796473,2024-07-19,11
16,1846,3146,220.41324144238567,11.379529561347743,59.408773045136684,100.0,2024-07-19,11
17,1167,2213,280.9930332906898,6.05512878445549,37.41527338454587,99.32218707636692,2024-07-19,11
18,593,940,458.656218875269,0.0,3.829787234042553,67.5531914893617,2024-07-19,11
19,1646,2719,812.5278367244783,0.0,0.0,14.711290915777859,2024-07-19,11
20,3441,5180,197.29711583827975,14.131274131274132,73.33976833976834,100.0,2024-07-19,11
21,1224,2289,355.43880964286154,5.1550895587592835,17.64962865880297,97.07295762341633,2024-07-19,11
22,254,407,273.5277854960222,0.4914004914004914,43.980343980343974,98.28009828009829,2024-07-19,11
23,785,1634,271.4136361754312,7.037943696450428,29.68176254589963,100.0,2024-07-19,11
24,1765,3033,278.58069102052997,5.835806132542038,42.433234421364986,97.26343554236729,2024-07-19,11
25,653,1107,697.4403260155697,0.0,0.0,5.691056910569105,2024-07-19,11
26,1323,3207,807.585984429772,0.0,0.0,1.5590894917368257,2024-07-19,11
27,1521,3433,496.74812097412047,0.0,7.602679871832217,51.441887561899215,2024-07-19,11
28,1773,2076,1046.4418548850153,0.0,0.0,7.273603082851637,2024-07-19,11
29,100,210,273.1752424152937,0.0,48.095238095238095,98.09523809523809,2024-07-19,11
30,1031,2968,461.6494421535421,0.0,11.691374663072777,58.55795148247979,2024-07-19,11
31,550,550,677.1558155707862,0.0,0.0,38.18181818181819,2024-07-19,11
32,655,1002,363.21794855309463,11.87624750499002,53.39321357285429,69.061876247505,2024-07-19,11
33,2374,3319,783.3174374350575,4.097619764989455,16.239831274480267,47.454052425429346,2024-07-19,11
34,157,201,624.4813692422725,0.0,0.0,0.9950248756218906,2024-07-19,11
35,3724,5534,354.93340132253275,4.8608601373328515,28.966389591615467,79.45428261655222,2024-07-19,11
36,1596,2997,282.57293336229117,7.340674007340674,44.37771104437771,97.16383049716383,2024-07-19,11
37,346,1194,294.40805206214424,0.0,22.529313232830823,100.0,2024-07-19,11
38,2317,3640,519.2693238987534,0.0,0.8791208791208791,44.83516483516484,2024-07-19,11
39,844,1995,492.60328959402136,10.025062656641603,15.037593984962406,40.6015037593985,2024-07-19,11
40,401,1166,377.75169828053845,0.0,24.78559176672384,69.55403087478558,2024-07-19,11
41,687,2180,222.21184073951434,10.825688073394495,59.22018348623853,100.0,2024-07-19,11
42,2008,3202,335.6641541749293,4.62211118051218,24.45346658338538,95.19050593379139,2024-07-19,11
43,643,1314,330.6135514774951,1.750380517503805,22.526636225266362,97.86910197869102,2024-07-19,11
44,1650,3794,227.98978742183346,12.519768054823405,58.513442277279914,99.68371112282551,2024-07-19,11
45,3476,6025,181.003172172054,19.601659751037346,77.69294605809128,100.0,2024-07-19,11
46,2039,3491,296.10742572052646,6.81753079346892,38.32712689773704,93.35433973073619,2024-07-19,11
47,2382,4047,252.53886451110546,9.414381022979985,48.60390412651346,99.2092908327156,2024-07-19,11
48,3976,7160,295.43584514191167,6.662011173184358,41.87150837988827,92.48603351955308,2024-07-19,11
49,676,1187,125.07318552415566,39.84835720303286,92.50210614995787,100.0,2024-07-19,11
50,135,420,385.5635884181685,34.285714285714285,36.904761904761905,55.47619047619048,2024-07-19,11
51,853,2982,667.4492486018333,0.0,1.4419852448021462,29.912810194500334,2024-07-19,11
52,538,1590,245.45437938473827,10.817610062893083,50.44025157232704,99.87421383647799,2024-07-19,11
53,285,377,1144.7089695994887,0.0,0.0,0.5305039787798408,2024-07-19,11
54,1292,3880,344.94574699257566,3.556701030927835,30.103092783505154,82.91237113402062,2024-07-19,11
55,1020,3067,259.943554489332,0.22823606129768503,38.31105314639713,100.0,2024-07-19,11
56,1406,2495,380.3215245421989,5.490981963927856,18.71743486973948,78.19639278557115,2024-07-19,11
57,2196,5249,401.55956675210933,3.6578395884930464,20.689655172413794,66.48885502000381,2024-07-19,11
58,2027,4649,143.63657826427456,44.69778446977845,84.29769842976984,100.0,2024-07-19,11
59,314,576,173.9539223459916,3.9930555555555554,97.91666666666666,100.0,2024-07-19,11
60,1030,1918,202.7471076641798,18.039624608967674,62.04379562043796,100.0,2024-07-19,11
61,2298,4746,255.78927363680702,10.6826801517067,45.78592498946481,100.0,2024-07-19,11
62,1313,1907,198.3632206171242,20.66072364971159,71.15888830624016,100.0,2024-07-19,11
63,1146,2455,186.72021483867957,8.309572301425662,82.15885947046844,100.0,2024-07-19,11
64,2284,4458,178.972603025742,39.16554508748318,71.62404665769402,99.46164199192464,2024-07-19,11
65,3004,6050,323.674955142353,6.413223140495868,36.0,85.17355371900827,2024-07-19,11
66,2169,4253,508.1249566302737,0.0,1.4577944980014106,47.98965436162709,2024-07-19,11
67,1225,2632,555.1118901161059,0.0,5.813069908814589,38.183890577507604,2024-07-19,11
68,921,1801,494.58500485115644,0.0,0.0,51.193781232648526,2024-07-19,11
69,1057,1853,376.0342080336912,4.155423637344846,11.76470588235294,86.77819751753913,2024-07-19,11
70,1369,2573,394.90795290334006,1.2436844150796735,11.69840652934318,81.84998056743102,2024-07-19,11
71,1514,3024,321.5708957299251,0.8267195767195766,19.17989417989418,100.0,2024-07-19,11
72,846,2081,237.1575138757813,3.8923594425756844,61.172513214800574,100.0,2024-07-19,11
73,1409,3470,311.6220143219432,2.420749279538905,30.547550432276655,96.68587896253602,2024-07-19,11
74,3542,8463,272.8308182310088,5.730828311473473,42.73898144865887,96.14793808342196,2024-07-19,11
75,1467,3612,390.2272121391291,1.8549280177187155,15.337763012181615,79.9280177187154,2024-07-19,11
76,1232,3420,472.2320902499644,3.625730994152047,14.269005847953217,51.11111111111111,2024-07-19,11
77,1757,4759,789.1995458722683,0.0,0.0,5.778524900189115,2024-07-19,11
78,474,943,851.1257423535121,13.57370095440085,13.891834570519618,27.67762460233298,2024-07-19,11
79,959,3124,289.52811417249796,8.25864276568502,36.93982074263765,99.8719590268886,2024-07-19,11
80,1903,3627,452.8821535343968,0.6617038875103392,11.855527984560242,58.86407499310725,2024-07-19,11
81,1180,3537,292.36731385077474,5.484874187164263,30.449533502968617,99.94345490528697,2024-07-19,11
82,11,101,146.13220726677363,0.0,99.00990099009901,100.0,2024-07-19,11
83,900,1763,584.92468281543,0.0,2.7226318774815654,26.602382302892796,2024-07-19,11
84,1296,3323,311.8691676004824,8.245561239843514,37.13511886849233,86.45801986157086,2024-07-19,11
85,1112,3224,367.6275221225738,5.303970223325062,32.59925558312655,72.98387096774194,2024-07-19,11
86,1164,2420,526.5107614225666,0.0,0.0,39.710743801652896,2024-07-19,11
87,1011,1723,400.76149283413844,0.0,23.50551363900174,68.6012768427162,2024-07-19,11
88,831,3238,270.3962375036087,0.3088326127239036,51.791229153798646,100.0,2024-07-19,11
89,1762,3735,455.36914218645853,4.551539491298527,14.67202141900937,50.20080321285141,2024-07-19,11
90,1350,1613,329.39103777729804,4.091754494730316,37.011779293242405,82.33106013639183,2024-07-19,11
91,1961,3517,344.4754419653219,4.549331816889395,29.257890247369918,83.45180551606482,2024-07-19,11
92,2332,5184,312.5808021063974,2.9320987654320985,34.62577160493827,93.07484567901234,2024-07-19,11
93,1752,3924,391.97116915158887,3.4403669724770642,17.252803261977572,74.54128440366972,2024-07-19,11
94,1547,1902,561.1323117491883,21.451104100946374,21.766561514195583,38.380651945320714,2024-07-19,11
95,1261,1556,450.07398835908316,0.3213367609254499,20.629820051413883,54.88431876606684,2024-07-19,11
96,2543,3155,381.46971439825717,5.26148969889065,30.459587955625988,75.87955625990492,2024-07-19,11
97,1025,1066,577.2714335481935,0.0,0.0,31.801125703564725,2024-07-19,11
98,63,63,1351.8294678330644,0.0,0.0,0.0,2024-07-19,11
99,0,0,,,,,2024-07-19,11
100,188,350,2323.7366740179123,0.0,0.0,0.0,2024-07-19,11
101,635,668,1177.6199067863752,0.0,0.0,0.0,2024-07-19,11
102,0,0,,,,,2024-07-19,11
103,2089,2686,1847.7459706507477,0.0,0.0,0.0,2024-07-19,11
104,1751,2032,1604.5581014885563,0.0,0.0,0.0,2024-07-19,11
105,1555,1672,2085.2630433848744,0.0,0.0,0.0,2024-07-19,11
106,1029,1100,2857.0190342329106,0.0,0.0,0.0,2024-07-19,11
107,32,32,2063.62020099475,0.0,0.0,0.0,2024-07-19,11
108,0,0,,,,,2024-07-19,11
109,943,999,760.7395143134336,0.0,0.0,0.0,2024-07-19,11
110,902,998,826.125952566327,0.0,0.0,0.0,2024-07-19,11
111,1114,1315,665.4508578157128,0.0,0.0,25.627376425855513,2024-07-19,11
112,1353,1484,717.6043566988455,0.0,0.0,0.9433962264150944,2024-07-19,11
113,145,334,699.3441330296827,0.0,0.0,6.287425149700598,2024-07-19,11
114,1589,2201,1027.8864144219942,0.0,0.0,0.0,2024-07-19,11
115,263,269,999.5466271955853,0.0,0.0,0.0,2024-07-19,11
116,46,62,270.81404833207205,27.419354838709676,48.38709677419355,100.0,2024-07-19,11
117,74,99,432.1280579665141,0.0,0.0,74.74747474747475,2024-07-19,11
118,53,68,746.5347808377136,0.0,0.0,0.0,2024-07-19,11
119,431,616,1342.1361613004074,0.0,0.0,0.0,2024-07-19,11
120,828,2075,1469.331905853658,0.0,0.0,0.0,2024-07-19,11
121,156,1249,1611.576511018916,0.0,0.0,0.0,2024-07-19,11
122,178,1002,1826.3128930027453,0.0,0.0,0.0,2024-07-19,11
123,2,2,807.5418786974999,0.0,0.0,0.0,2024-07-19,11
124,172,1505,1523.189281629196,0.0,0.0,0.0,2024-07-19,11
125,260,1342,1947.6674903936369,0.0,0.0,0.0,2024-07-19,11
126,717,2197,2340.702904519191,0.0,0.0,0.0,2024-07-19,11
127,0,0,,,,,2024-07-19,11
128,46,345,1635.144355485216,0.0,0.0,0.0,2024-07-19,11
129,1327,1569,934.8013541607448,0.0,0.0,0.0,2024-07-19,11
130,133,424,1355.0095853760122,0.0,0.0,0.0,2024-07-19,11
131,1087,2247,1565.7506513130725,0.0,0.0,0.0,2024-07-19,11
132,1066,3263,1756.3067368804889,0.0,0.0,0.0,2024-07-19,11
133,285,302,1002.5852489129961,0.0,0.0,0.0,2024-07-19,11
134,7,7,1857.8361539627447,0.0,0.0,0.0,2024-07-19,11
135,160,165,2487.427243002118,0.0,0.0,0.0,2024-07-19,11
136,4,4,1494.6281227601405,0.0,0.0,0.0,2024-07-19,11
137,299,299,2579.162935505664,0.0,0.0,0.0,2024-07-19,11
138,228,228,3318.998444668932,0.0,0.0,0.0,2024-07-19,11
139,552,564,2491.6535685404688,0.0,0.0,0.0,2024-07-19,11
140,92,92,1211.3698346367942,0.0,0.0,0.0,2024-07-19,11
141,309,309,2788.6357916089783,0.0,0.0,0.0,2024-07-19,11
142,191,193,3072.0195949161844,0.0,0.0,0.0,2024-07-19,11
143,526,526,2248.654609075252,0.0,0.0,0.0,2024-07-19,11
144,207,207,2004.621170026253,0.0,0.0,0.0,2024-07-19,11
145,2,2,2325.089000557885,0.0,0.0,0.0,2024-07-19,11
146,0,0,,,,,2024-07-19,11
147,38,38,1285.6400560155842,0.0,0.0,0.0,2024-07-19,11
148,447,476,659.855977618666,0.0,0.0,1.2605042016806722,2024-07-19,11
149,1380,1391,684.4656353832696,0.0,0.0,10.783608914450037,2024-07-19,11
150,945,945,1887.3217521938461,0.0,0.0,0.0,2024-07-19,11
151,34,34,854.2357277268457,0.0,0.0,0.0,2024-07-19,11
152,23,24,1320.60170964322,0.0,0.0,0.0,2024-07-19,11
153,60,60,2168.9538525577245,0.0,0.0,0.0,2024-07-19,11
154,122,122,1079.9532926908432,0.0,0.0,0.0,2024-07-19,11
155,624,624,688.8106630295866,0.0,0.0,4.166666666666666,2024-07-19,11
156,0,0,,,,,2024-07-19,11
157,0,0,,,,,2024-07-19,11
158,138,139,717.0363026546694,0.0,0.0,0.0,2024-07-19,11
159,238,238,873.6969690961761,0.0,0.0,0.0,2024-07-19,11
160,299,299,1157.408452391189,0.0,0.0,0.0,2024-07-19,11
161,391,391,271.647955350669,3.8363171355498724,39.89769820971867,100.0,2024-07-19,11
162,315,315,611.7654717489477,0.0,0.0,24.444444444444443,2024-07-19,11
163,498,498,620.8134481978044,0.0,0.0,10.843373493975903,2024-07-19,11
164,527,527,875.9758417299139,0.0,0.0,0.0,2024-07-19,11
165,1111,1111,482.68234073463526,0.0,14.581458145814583,57.78577857785778,2024-07-19,11
166,1425,1425,1235.1425529293701,0.0,0.0,0.0,2024-07-19,11
167,1665,1729,1240.9788211291796,0.0,0.0,0.0,2024-07-19,11
168,1154,1211,1261.5015834968603,0.0,0.0,0.0,2024-07-19,11
169,1200,1243,881.7517518113316,0.0,0.0,0.0,2024-07-19,11
170,2355,2411,737.4466797950713,0.0,0.0,9.290750725839901,2024-07-19,11
171,498,498,618.8343990681869,0.0,0.0,18.27309236947791,2024-07-19,11
172,1794,1794,801.2336866442931,0.0,0.0,14.771460423634336,2024-07-19,11
173,1583,1583,354.90574645119807,0.0,26.658243840808595,84.01768793430196,2024-07-19,11
174,1154,1187,1261.771360504838,0.0,0.0,0.0,2024-07-19,11
175,150,160,1134.6551917708919,0.0,0.0,0.0,2024-07-19,11
176,824,824,984.4901205012465,0.0,0.0,0.0,2024-07-19,11
177,1697,1697,1686.8403235198057,0.0,0.0,0.0,2024-07-19,11
178,1430,1430,1757.50246571056,0.0,0.0,0.0,2024-07-19,11
179,646,646,2288.9947558537165,0.0,0.0,0.0,2024-07-19,11
180,611,611,2190.694516219413,0.0,0.0,0.0,2024-07-19,11
0,0,0,,,,,2024-07-19,12
1,1,1,2568.1078748651607,0.0,0.0,0.0,2024-07-19,12
2,0,0,,,,,2024-07-19,12
3,2265,4088,418.8880351930823,14.383561643835616,36.47260273972603,60.567514677103716,2024-07-19,12
4,316,662,358.61792705233296,0.4531722054380665,35.95166163141994,70.09063444108762,2024-07-19,12
5,478,676,765.920411127662,0.0,18.34319526627219,25.443786982248522,2024-07-19,12
6,551,774,439.0907219719489,0.0,0.0,74.67700258397933,2024-07-19,12
7,604,1293,405.9896031744198,3.3255993812838365,25.135344160866204,64.96519721577727,2024-07-19,12
8,820,1803,506.29210941890653,0.0,0.0,46.8663338879645,2024-07-19,12
9,1293,1758,585.5718571125439,1.0807736063708762,9.385665529010238,31.968145620022753,2024-07-19,12
10,698,1136,315.6399166707171,11.003521126760564,22.711267605633804,90.3169014084507,2024-07-19,12
11,856,1084,149.54384008395536,28.321033210332104,89.11439114391145,100.0,2024-07-19,12
12,2030,3678,263.5825044741008,8.183795541054922,43.1484502446982,98.69494290375204,2024-07-19,12
13,302,455,436.0505978282769,0.0,0.0,66.37362637362637,2024-07-19,12
14,1033,1764,343.2189741116726,0.7936507936507936,24.546485260770975,92.06349206349206,2024-07-19,12
15,1810,2948,405.13205581616023,0.44097693351424694,10.210312075983717,72.69335142469471,2024-07-19,12
16,1846,3146,212.51649761634795,11.379529561347743,62.74634456452638,100.0,2024-07-19,12
17,1167,2213,280.9930332906898,6.05512878445549,37.41527338454587,99.32218707636692,2024-07-19,12
18,593,940,417.04483194654966,0.0,9.25531914893617,74.8936170212766,2024-07-19,12
19,1646,2719,812.5278367244783,0.0,0.0,14.711290915777859,2024-07-19,12
20,3441,5180,238.89433617029104,7.77992277992278,58.43629343629344,100.0,2024-07-19,12
21,1224,2289,381.186338486219,5.1550895587592835,17.343818261249456,84.53473132372214,2024-07-19,12
22,254,407,268.6167567467069,0.4914004914004914,44.22604422604422,100.0,2024-07-19,12
23,785,1634,271.4136361754312,7.037943696450428,29.68176254589963,100.0,2024-07-19,12
24,1765,3033,246.3760490037958,8.803165182987142,50.4121332014507,100.0,2024-07-19,12
25,653,1107,697.4403260155697,0.0,0.0,5.691056910569105,2024-07-19,12
26,1323,3207,807.7804381877772,0.0,0.0,1.5590894917368257,2024-07-19,12
27,1521,3433,525.7617862626823,0.0,7.602679871832217,40.343722691523446,2024-07-19,12
28,1773,2076,1046.4418548850153,0.0,0.0,7.273603082851637,2024-07-19,12
29,100,210,273.1752424152937,0.0,48.095238095238095,98.09523809523809,2024-07-19,12
30,1031,2968,461.6494421535421,0.0,11.691374663072777,58.55795148247979,2024-07-19,12
31,550,550,677.1558155707862,0.0,0.0,38.18181818181819,2024-07-19,12
32,655,1002,363.21794855309463,11.87624750499002,53.39321357285429,69.061876247505,2024-07-19,12
33,2374,3319,783.3174374350575,4.097619764989455,16.239831274480267,47.454052425429346,2024-07-19,12
34,157,201,624.4813692422725,0.0,0.0,0.9950248756218906,2024-07-19,12
35,3724,5534,354.93340132253275,4.8608601373328515,28.966389591615467,79.45428261655222,2024-07-19,12
36,1596,2997,282.57293336229117,7.340674007340674,44.37771104437771,97.16383049716383,2024-07-19,12
37,346,1194,294.40805206214424,0.0,22.529313232830823,100.0,2024-07-19,12
38,2317,3640,519.2693238987534,0.0,0.8791208791208791,44.83516483516484,2024-07-19,12
39,844,1995,492.60328959402136,10.025062656641603,15.037593984962406,40.6015037593985,2024-07-19,12
40,401,1166,377.75169828053845,0.0,24.78559176672384,69.55403087478558,2024-07-19,12
41,687,2180,222.21184073951434,10.825688073394495,59.22018348623853,100.0,2024-07-19,12
42,2008,3202,335.6641541749293,4.62211118051218,24.45346658338538,95.19050593379139,2024-07-19,12
43,643,1314,330.6135514774951,1.750380517503805,22.526636225266362,97.86910197869102,2024-07-19,12
44,1650,3794,227.98978742183346,12.519768054823405,58.513442277279914,99.68371112282551,2024-07-19,12
45,3476,6025,272.221796626131,9.012448132780083,43.45228215767635,97.47717842323651,2024-07-19,12
46,2039,3491,372.888051745523,1.2890289315382413,19.077628186765967,79.46147235749069,2024-07-19,12
47,2382,4047,264.6533464435193,7.314059797380776,43.88435878428466,99.2092908327156,2024-07-19,12
48,3976,7160,224.68250973694313,13.463687150837988,63.28212290502794,99.06424581005587,2024-07-19,12
49,676,1187,125.07318552415566,39.84835720303286,92.50210614995787,100.0,2024-07-19,12
50,135,420,385.7423880221521,34.285714285714285,36.666666666666664,55.47619047619048,2024-07-19,12
51,853,2982,667.4492486018333,0.0,1.4419852448021462,29.912810194500334,2024-07-19,12
52,538,1590,245.45437938473827,10.817610062893083,50.44025157232704,99.87421383647799,2024-07-19,12
53,285,377,1144.7089695994887,0.0,0.0,0.5305039787798408,2024-07-19,12
54,1292,3880,344.94574699257566,3.556701030927835,30.103092783505154,82.91237113402062,2024-07-19,12
55,1020,3067,261.9751646196777,0.22823606129768503,38.31105314639713,100.0,2024-07-19,12
56,1406,2495,380.3215245421989,5.490981963927856,18.71743486973948,78.19639278557115,2024-07-19,12
57,2196,5249,401.55956675210933,3.6578395884930464,20.689655172413794,66.48885502000381,2024-07-19,12
58,2027,4649,143.63657826427456,44.69778446977845,84.29769842976984,100.0,2024-07-19,12
59,314,576,173.9539223459916,3.9930555555555554,97.91666666666666,100.0,2024-07-19,12
60,1030,1918,203.84232709920914,18.039624608967674,61.31386861313869,100.0,2024-07-19,12
61,2298,4746,222.50053942194813,17.340918668352295,59.92414664981036,100.0,2024-07-19,12
62,1313,1907,174.22307309599753,20.66072364971159,81.6465652857892,100.0,2024-07-19,12
63,1146,2455,162.40576964929053,13.197556008146641,88.39103869653768,100.0,2024-07-19,12
64,2284,4458,174.4347287382251,39.16554508748318,75.19066846119335,99.46164199192464,2024-07-19,12
65,3004,6050,323.674955142353,6.413223140495868,36.0,85.17355371900827,2024-07-19,12
66,2169,4253,508.1249566302737,0.0,1.4577944980014106,47.98965436162709,2024-07-19,12
67,1225,2632,555.1118901161059,0.0,5.813069908814589,38.183890577507604,2024-07-19,12
68,921,1801,537.8040361350394,0.0,0.0,30.038867295946698,2024-07-19,12
69,1057,1853,376.0342080336912,4.155423637344846,11.76470588235294,86.77819751753913,2024-07-19,12
70,1369,2573,394.90795290334006,1.2436844150796735,11.69840652934318,81.84998056743102,2024-07-19,12
71,1514,3024,321.5708957299251,0.8267195767195766,19.17989417989418,100.0,2024-07-19,12
72,846,2081,239.21266252872064,3.8923594425756844,61.172513214800574,100.0,2024-07-19,12
73,1409,3470,311.6220143219432,2.420749279538905,30.547550432276655,96.68587896253602,2024-07-19,12
74,3542,8463,272.8308182310088,5.730828311473473,42.73898144865887,96.14793808342196,2024-07-19,12
75,1467,3612,390.2272121391291,1.8549280177187155,15.337763012181615,79.9280177187154,2024-07-19,12
76,1232,3420,472.2320902499644,3.625730994152047,14.269005847953217,51.11111111111111,2024-07-19,12
77,1757,4759,789.1995458722683,0.0,0.0,5.778524900189115,2024-07-19,12
78,474,943,851.1257423535121,13.57370095440085,13.891834570519618,27.67762460233298,2024-07-19,12
79,959,3124,289.52811417249796,8.25864276568502,36.93982074263765,99.8719590268886,2024-07-19,12
80,1903,3627,452.8821535343968,0.6617038875103392,11.855527984560242,58.86407499310725,2024-07-19,12
81,1180,3537,292.36731385077474,5.484874187164263,30.449533502968617,99.94345490528697,2024-07-19,12
82,11,101,146.13220726677363,0.0,99.00990099009901,100.0,2024-07-19,12
83,900,1763,584.92468281543,0.0,2.7226318774815654,26.602382302892796,2024-07-19,12
84,1296,3323,311.8691676004824,8.245561239843514,37.13511886849233,86.45801986157086,2024-07-19,12
85,1112,3224,367.6275221225738,5.303970223325062,32.59925558312655,72.98387096774194,2024-07-19,12
86,1164,2420,526.5107614225666,0.0,0.0,39.710743801652896,2024-07-19,12
87,1011,1723,400.76149283413844,0.0,23.50551363900174,68.6012768427162,2024-07-19,12
88,831,3238,270.3962375036087,0.3088326127239036,51.791229153798646,100.0,2024-07-19,12
89,1762,3735,455.36914218645853,4.551539491298527,14.67202141900937,50.20080321285141,2024-07-19,12
90,1350,1613,329.39103777729804,4.091754494730316,37.011779293242405,82.33106013639183,2024-07-19,12
91,1961,3517,344.4754419653219,4.549331816889395,29.257890247369918,83.45180551606482,2024-07-19,12
92,2332,5184,312.5808021063974,2.9320987654320985,34.62577160493827,93.07484567901234,2024-07-19,12
93,1752,3924,391.97116915158887,3.4403669724770642,17.252803261977572,74.54128440366972,2024-07-19,12
94,1547,1902,561.1323117491883,21.451104100946374,21.766561514195583,38.380651945320714,2024-07-19,12
95,1261,1556,450.07398835908316,0.3213367609254499,20.629820051413883,54.88431876606684,2024-07-19,12
96,2543,3155,381.46971439825717,5.26148969889065,30.459587955625988,75.87955625990492,2024-07-19,12
97,1025,1066,577.2714335481935,0.0,0.0,31.801125703564725,2024-07-19,12
98,63,63,1351.8294678330644,0.0,0.0,0.0,2024-07-19,12
99,0,0,,,,,2024-07-19,12
100,188,350,2323.7366740179123,0.0,0.0,0.0,2024-07-19,12
101,635,668,1177.6199067863752,0.0,0.0,0.0,2024-07-19,12
102,0,0,,,,,2024-07-19,12
103,2089,2686,1847.7459706507477,0.0,0.0,0.0,2024-07-19,12
104,1751,2032,1604.5581014885563,0.0,0.0,0.0,2024-07-19,12
105,1555,1672,2085.2630433848744,0.0,0.0,0.0,2024-07-19,12
106,1029,1100,2857.0190342329106,0.0,0.0,0.0,2024-07-19,12
107,32,32,2063.62020099475,0.0,0.0,0.0,2024-07-19,12
108,0,0,,,,,2024-07-19,12
109,943,999,760.7395143134336,0.0,0.0,0.0,2024-07-19,12
110,902,998,826.125952566327,0.0,0.0,0.0,2024-07-19,12
111,1114,1315,665.4508578157128,0.0,0.0,25.627376425855513,2024-07-19,12
112,1353,1484,717.6043566988455,0.0,0.0,0.9433962264150944,2024-07-19,12
113,145,334,699.3441330296827,0.0,0.0,6.287425149700598,2024-07-19,12
114,1589,2201,1027.8864144219942,0.0,0.0,0.0,2024-07-19,12
115,263,269,999.5466271955853,0.0,0.0,0.0,2024-07-19,12
116,46,62,270.81404833207205,27.419354838709676,48.38709677419355,100.0,2024-07-19,12
117,74,99,432.1280579665141,0.0,0.0,74.74747474747475,2024-07-19,12
118,53,68,746.5347808377136,0.0,0.0,0.0,2024-07-19,12
119,431,616,1342.1361613004074,0.0,0.0,0.0,2024-07-19,12
120,828,2075,1469.331905853658,0.0,0.0,0.0,2024-07-19,12
121,156,1249,1611.576511018916,0.0,0.0,0.0,2024-07-19,12
122,178,1002,1826.3128930027453,0.0,0.0,0.0,2024-07-19,12
123,2,2,807.5418786974999,0.0,0.0,0.0,2024-07-19,12
124,172,1505,1523.189281629196,0.0,0.0,0.0,2024-07-19,12
125,260,1342,1947.6674903936369,0.0,0.0,0.0,2024-07-19,12
126,717,2197,2340.702904519191,0.0,0.0,0.0,2024-07-19,12
127,0,0,,,,,2024-07-19,12
128,46,345,1635.144355485216,0.0,0.0,0.0,2024-07-19,12
129,1327,1569,934.8013541607448,0.0,0.0,0.0,2024-07-19,12
130,133,424,1355.0095853760122,0.0,0.0,0.0,2024-07-19,12
131,1087,2247,1565.7506513130725,0.0,0.0,0.0,2024-07-19,12
132,1066,3263,1756.3067368804889,0.0,0.0,0.0,2024-07-19,12
133,285,302,1002.5852489129961,0.0,0.0,0.0,2024-07-19,12
134,7,7,1857.8361539627447,0.0,0.0,0.0,2024-07-19,12
135,160,165,2487.427243002118,0.0,0.0,0.0,2024-07-19,12
136,4,4,1494.6281227601405,0.0,0.0,0.0,2024-07-19,12
137,299,299,2579.162935505664,0.0,0.0,0.0,2024-07-19,12
138,228,228,3318.998444668932,0.0,0.0,0.0,2024-07-19,12
139,552,564,2491.6535685404688,0.0,0.0,0.0,2024-07-19,12
140,92,92,1211.3698346367942,0.0,0.0,0.0,2024-07-19,12
141,309,309,2788.6357916089783,0.0,0.0,0.0,2024-07-19,12
142,191,193,3072.0195949161844,0.0,0.0,0.0,2024-07-19,12
143,526,526,2248.654609075252,0.0,0.0,0.0,2024-07-19,12
144,207,207,2004.621170026253,0.0,0.0,0.0,2024-07-19,12
145,2,2,2325.089000557885,0.0,0.0,0.0,2024-07-19,12
146,0,0,,,,,2024-07-19,12
147,38,38,1285.6400560155842,0.0,0.0,0.0,2024-07-19,12
148,447,476,659.855977618666,0.0,0.0,1.2605042016806722,2024-07-19,12
149,1380,1391,684.4656353832696,0.0,0.0,10.783608914450037,2024-07-19,12
150,945,945,1887.3217521938461,0.0,0.0,0.0,2024-07-19,12
151,34,34,854.2357277268457,0.0,0.0,0.0,2024-07-19,12
152,23,24,1320.60170964322,0.0,0.0,0.0,2024-07-19,12
153,60,60,2168.9538525577245,0.0,0.0,0.0,2024-07-19,12
154,122,122,1079.9532926908432,0.0,0.0,0.0,2024-07-19,12
155,624,624,688.8106630295866,0.0,0.0,4.166666666666666,2024-07-19,12
156,0,0,,,,,2024-07-19,12
157,0,0,,,,,2024-07-19,12
158,138,139,717.0363026546694,0.0,0.0,0.0,2024-07-19,12
159,238,238,873.6969690961761,0.0,0.0,0.0,2024-07-19,12
160,299,299,1157.408452391189,0.0,0.0,0.0,2024-07-19,12
161,391,391,271.647955350669,3.8363171355498724,39.89769820971867,100.0,2024-07-19,12
162,315,315,611.7654717489477,0.0,0.0,24.444444444444443,2024-07-19,12
163,498,498,620.8134481978044,0.0,0.0,10.843373493975903,2024-07-19,12
164,527,527,875.9758417299139,0.0,0.0,0.0,2024-07-19,12
165,1111,1111,482.68234073463526,0.0,14.581458145814583,57.78577857785778,2024-07-19,12
166,1425,1425,1235.1425529293701,0.0,0.0,0.0,2024-07-19,12
167,1665,1729,1240.9788211291796,0.0,0.0,0.0,2024-07-19,12
168,1154,1211,1261.5015834968603,0.0,0.0,0.0,2024-07-19,12
169,1200,1243,881.7517518113316,0.0,0.0,0.0,2024-07-19,12
170,2355,2411,737.4466797950713,0.0,0.0,9.290750725839901,2024-07-19,12
171,498,498,618.8343990681869,0.0,0.0,18.27309236947791,2024-07-19,12
172,1794,1794,801.2336866442931,0.0,0.0,14.771460423634336,2024-07-19,12
173,1583,1583,354.90574645119807,0.0,26.658243840808595,84.01768793430196,2024-07-19,12
174,1154,1187,1261.771360504838,0.0,0.0,0.0,2024-07-19,12
175,150,160,1134.6551917708919,0.0,0.0,0.0,2024-07-19,12
176,824,824,984.4901205012465,0.0,0.0,0.0,2024-07-19,12
177,1697,1697,1686.8403235198057,0.0,0.0,0.0,2024-07-19,12
178,1430,1430,1757.50246571056,0.0,0.0,0.0,2024-07-19,12
179,646,646,2288.9947558537165,0.0,0.0,0.0,2024-07-19,12
180,611,611,2190.694516219413,0.0,0.0,0.0,2024-07-19,12
0,0,0,,,,,2024-07-19,13
1,1,1,2568.1078748651607,0.0,0.0,0.0,2024-07-19,13
2,0,0,,,,,2024-07-19,13
3,2265,4088,418.8880351930823,14.383561643835616,36.47260273972603,60.567514677103716,2024-07-19,13
4,316,662,358.61792705233296,0.4531722054380665,35.95166163141994,70.09063444108762,2024-07-19,13
5,478,676,765.920411127662,0.0,18.34319526627219,25.443786982248522,2024-07-19,13
6,551,774,483.2260663663237,0.0,0.0,53.875968992248055,2024-07-19,13
7,604,1293,405.9896031744198,3.3255993812838365,25.135344160866204,64.96519721577727,2024-07-19,13
8,820,1803,506.29210941890653,0.0,0.0,46.8663338879645,2024-07-19,13
9,1293,1758,585.5718571125439,1.0807736063708762,9.385665529010238,31.968145620022753,2024-07-19,13
10,698,1136,319.3067314801162,11.003521126760564,22.711267605633804,90.3169014084507,2024-07-19,13
11,856,1084,149.54384008395536,28.321033210332104,89.11439114391145,100.0,2024-07-19,13
12,2030,3678,283.6176764021891,8.183795541054922,34.448069603045134,98.36867862969005,2024-07-19,13
13,302,455,436.0505978282769,0.0,0.0,66.37362637362637,2024-07-19,13
14,1033,1764,343.2189741116726,0.7936507936507936,24.546485260770975,92.06349206349206,2024-07-19,13
15,1810,2948,405.13205581616023,0.44097693351424694,10.210312075983717,72.69335142469471,2024-07-19,13
16,1846,3146,292.9478693198798,5.785123966942149,37.69866497139224,96.37635092180547,2024-07-19,13
17,1167,2213,286.39825746109307,6.05512878445549,37.41527338454587,99.32218707636692,2024-07-19,13
18,593,940,464.0158296427621,0.0,9.25531914893617,45.95744680851064,2024-07-19,13
19,1646,2719,812.5278367244783,0.0,0.0,14.711290915777859,2024-07-19,13
20,3441,5180,368.688145767395,2.9343629343629343,32.22007722007722,71.81467181467181,2024-07-19,13
21,1224,2289,384.2939016715404,5.1550895587592835,17.343818261249456,82.00087374399301,2024-07-19,13
22,254,407,293.66587402055404,0.0,28.501228501228503,100.0,2024-07-19,13
23,785,1634,271.4136361754312,7.037943696450428,29.68176254589963,100.0,2024-07-19,13
24,1765,3033,246.3760490037958,8.803165182987142,50.4121332014507,100.0,2024-07-19,13
25,653,1107,697.4403260155697,0.0,0.0,5.691056910569105,2024-07-19,13
26,1323,3207,807.7804381877772,0.0,0.0,1.5590894917368257,2024-07-19,13
27,1521,3433,525.7617862626823,0.0,7.602679871832217,40.343722691523446,2024-07-19,13
28,1773,2076,1046.4418548850153,0.0,0.0,7.273603082851637,2024-07-19,13
29,100,210,273.1752424152937,0.0,48.095238095238095,98.09523809523809,2024-07-19,13
30,1031,2968,461.6494421535421,0.0,11.691374663072777,58.55795148247979,2024-07-19,13
31,550,550,677.1558155707862,0.0,0.0,38.18181818181819,2024-07-19,13
32,655,1002,363.21794855309463,11.87624750499002,53.39321357285429,69.061876247505,2024-07-19,13
33,2374,3319,783.3174374350575,4.097619764989455,16.239831274480267,47.454052425429346,2024-07-19,13
34,157,201,624.4813692422725,0.0,0.0,0.9950248756218906,2024-07-19,13
35,3724,5534,354.93340132253275,4.8608601373328515,28.966389591615467,79.45428261655222,2024-07-19,13
36,1596,2997,282.57293336229117,7.340674007340674,44.37771104437771,97.16383049716383,2024-07-19,13
37,346,1194,294.40805206214424,0.0,22.529313232830823,100.0,2024-07-19,13
38,2317,3640,519.2693238987534,0.0,0.8791208791208791,44.83516483516484,2024-07-19,13
39,844,1995,492.60328959402136,10.025062656641603,15.037593984962406,40.6015037593985,2024-07-19,13
40,401,1166,377.75169828053845,0.0,24.78559176672384,69.55403087478558,2024-07-19,13
41,687,2180,222.21184073951434,10.825688073394495,59.22018348623853,100.0,2024-07-19,13
42,2008,3202,335.6641541749293,4.62211118051218,24.45346658338538,95.19050593379139,2024-07-19,13
43,643,1314,330.6135514774951,1.750380517503805,22.526636225266362,97.86910197869102,2024-07-19,13
44,1650,3794,227.98978742183346,12.519768054823405,58.513442277279914,99.68371112282551,2024-07-19,13
45,3476,6025,272.221796626131,9.012448132780083,43.45228215767635,97.47717842323651,2024-07-19,13
46,2039,3491,285.40399370087226,8.908622171297623,40.41821827556574,93.66943569177886,2024-07-19,13
47,2382,4047,264.6533464435193,7.314059797380776,43.88435878428466,99.2092908327156,2024-07-19,13
48,3976,7160,333.50772842310107,2.7234636871508378,27.067039106145252,94.37150837988827,2024-07-19,13
49,676,1187,385.0501043645426,0.0,13.142375737152484,92.58635214827295,2024-07-19,13
50,135,420,385.7423880221521,34.285714285714285,36.666666666666664,55.47619047619048,2024-07-19,13
51,853,2982,667.4492486018333,0.0,1.4419852448021462,29.912810194500334,2024-07-19,13
52,538,1590,245.45437938473827,10.817610062893083,50.44025157232704,99.87421383647799,2024-07-19,13
53,285,377,1144.7089695994887,0.0,0.0,0.5305039787798408,2024-07-19,13
54,1292,3880,344.94574699257566,3.556701030927835,30.103092783505154,82.91237113402062,2024-07-19,13
55,1020,3067,261.9751646196777,0.22823606129768503,38.31105314639713,100.0,2024-07-19,13
56,1406,2495,380.3215245421989,5.490981963927856,18.71743486973948,78.19639278557115,2024-07-19,13
57,2196,5249,401.55956675210933,3.6578395884930464,20.689655172413794,66.48885502000381,2024-07-19,13
58,2027,4649,143.63657826427456,44.69778446977845,84.29769842976984,100.0,2024-07-19,13
59,314,576,173.9539223459916,3.9930555555555554,97.91666666666666,100.0,2024-07-19,13
60,1030,1918,203.84232709920914,18.039624608967674,61.31386861313869,100.0,2024-07-19,13
61,2298,4746,268.231320491768,10.32448377581121,42.89928360724821,98.2511588706279,2024-07-19,13
62,1313,1907,246.32127219254247,13.266911379129523,54.64079706345044,95.5951756685894,2024-07-19,13
63,1146,2455,163.3952632119124,11.405295315682281,88.39103869653768,100.0,2024-07-19,13
64,2284,4458,181.3594456126532,35.73351278600269,71.60161507402422,99.46164199192464,2024-07-19,13
65,3004,6050,311.4131434236652,8.826446280991735,41.32231404958678,85.17355371900827,2024-07-19,13
66,2169,4253,508.1249566302737,0.0,1.4577944980014106,47.98965436162709,2024-07-19,13
67,1225,2632,555.1118901161059,0.0,5.813069908814589,38.183890577507604,2024-07-19,13
68,921,1801,408.4244290001273,0.0,6.385341476957246,86.1188228761799,2024-07-19,13
69,1057,1853,376.0342080336912,4.155423637344846,11.76470588235294,86.77819751753913,2024-07-19,13
70,1369,2573,394.90795290334006,1.2436844150796735,11.69840652934318,81.84998056743102,2024-07-19,13
71,1514,3024,321.5708957299251,0.8267195767195766,19.17989417989418,100.0,2024-07-19,13
72,846,2081,239.21266252872064,3.8923594425756844,61.172513214800574,100.0,2024-07-19,13
73,1409,3470,311.6220143219432,2.420749279538905,30.547550432276655,96.68587896253602,2024-07-19,13
74,3542,8463,272.8308182310088,5.730828311473473,42.73898144865887,96.14793808342196,2024-07-19,13
75,1467,3612,390.2272121391291,1.8549280177187155,15.337763012181615,79.9280177187154,2024-07-19,13
76,1232,3420,472.2320902499644,3.625730994152047,14.269005847953217,51.11111111111111,2024-07-19,13
77,1757,4759,789.1995458722683,0.0,0.0,5.778524900189115,2024-07-19,13
78,474,943,851.1257423535121,13.57370095440085,13.891834570519618,27.67762460233298,2024-07-19,13
79,959,3124,291.67313475010184,8.25864276568502,36.93982074263765,98.5595390524968,2024-07-19,13
80,1903,3627,452.8821535343968,0.6617038875103392,11.855527984560242,58.86407499310725,2024-07-19,13
81,1180,3537,292.36731385077474,5.484874187164263,30.449533502968617,99.94345490528697,2024-07-19,13
82,11,101,146.13220726677363,0.0,99.00990099009901,100.0,2024-07-19,13
83,900,1763,585.0148620238884,0.0,2.7226318774815654,26.602382302892796,2024-07-19,13
84,1296,3323,526.98956185718,0.0,3.4306349684020465,40.23472765573277,2024-07-19,13
85,1112,3224,367.950885214386,5.303970223325062,32.59925558312655,72.98387096774194,2024-07-19,13
86,1164,2420,893.1395992728043,0.0,0.0,0.0,2024-07-19,13
87,1011,1723,400.76149283413844,0.0,23.50551363900174,68.6012768427162,2024-07-19,13
88,831,3238,270.3962375036087,0.3088326127239036,51.791229153798646,100.0,2024-07-19,13
89,1762,3735,455.36914218645853,4.551539491298527,14.67202141900937,50.20080321285141,2024-07-19,13
90,1350,1613,329.39103777729804,4.091754494730316,37.011779293242405,82.33106013639183,2024-07-19,13
91,1961,3517,344.4754419653219,4.549331816889395,29.257890247369918,83.45180551606482,2024-07-19,13
92,2332,5184,312.5808021063974,2.9320987654320985,34.62577160493827,93.07484567901234,2024-07-19,13
93,1752,3924,391.97116915158887,3.4403669724770642,17.252803261977572,74.54128440366972,2024-07-19,13
94,1547,1902,561.1323117491883,21.451104100946374,21.766561514195583,38.380651945320714,2024-07-19,13
95,1261,1556,452.4514024441081,0.3213367609254499,20.629820051413883,54.88431876606684,2024-07-19,13
96,2543,3155,381.46971439825717,5.26148969889065,30.459587955625988,75.87955625990492,2024-07-19,13
97,1025,1066,577.2714335481935,0.0,0.0,31.801125703564725,2024-07-19,13
98,63,63,1351.8294678330644,0.0,0.0,0.0,2024-07-19,13
99,0,0,,,,,2024-07-19,13
100,188,350,2323.7366740179123,0.0,0.0,0.0,2024-07-19,13
101,635,668,1177.6199067863752,0.0,0.0,0.0,2024-07-19,13
102,0,0,,,,,2024-07-19,13
103,2089,2686,1847.7459706507477,0.0,0.0,0.0,2024-07-19,13
104,1751,2032,1604.5581014885563,0.0,0.0,0.0,2024-07-19,13
105,1555,1672,2085.2630433848744,0.0,0.0,0.0,2024-07-19,13
106,1029,1100,2857.0190342329106,0.0,0.0,0.0,2024-07-19,13
107,32,32,2063.62020099475,0.0,0.0,0.0,2024-07-19,13
108,0,0,,,,,2024-07-19,13
109,943,999,760.7395143134336,0.0,0.0,0.0,2024-07-19,13
110,902,998,826.125952566327,0.0,0.0,0.0,2024-07-19,13
111,1114,1315,665.4508578157128,0.0,0.0,25.627376425855513,2024-07-19,13
112,1353,1484,717.6043566988455,0.0,0.0,0.9433962264150944,2024-07-19,13
113,145,334,699.3441330296827,0.0,0.0,6.287425149700598,2024-07-19,13
114,1589,2201,1027.8864144219942,0.0,0.0,0.0,2024-07-19,13
115,263,269,999.5466271955853,0.0,0.0,0.0,2024-07-19,13
116,46,62,270.81404833207205,27.419354838709676,48.38709677419355,100.0,2024-07-19,13
117,74,99,432.1280579665141,0.0,0.0,74.74747474747475,2024-07-19,13
118,53,68,746.5347808377136,0.0,0.0,0.0,2024-07-19,13
119,431,616,1342.1361613004074,0.0,0.0,0.0,2024-07-19,13
120,828,2075,1469.331905853658,0.0,0.0,0.0,2024-07-19,13
121,156,1249,1611.576511018916,0.0,0.0,0.0,2024-07-19,13
122,178,1002,1826.3128930027453,0.0,0.0,0.0,2024-07-19,13
123,2,2,807.5418786974999,0.0,0.0,0.0,2024-07-19,13
124,172,1505,1523.1941955079221,0.0,0.0,0.0,2024-07-19,13
125,260,1342,1947.6674903936369,0.0,0.0,0.0,2024-07-19,13
126,717,2197,2340.702904519191,0.0,0.0,0.0,2024-07-19,13
127,0,0,,,,,2024-07-19,13
128,46,345,1717.7149732860648,0.0,0.0,0.0,2024-07-19,13
129,1327,1569,944.2609769951277,0.0,0.0,0.0,2024-07-19,13
130,133,424,1373.453708524201,0.0,0.0,0.0,2024-07-19,13
131,1087,2247,1565.7506513130725,0.0,0.0,0.0,2024-07-19,13
132,1066,3263,1756.3067368804889,0.0,0.0,0.0,2024-07-19,13
133,285,302,1002.5852489129961,0.0,0.0,0.0,2024-07-19,13
134,7,7,1857.8361539627447,0.0,0.0,0.0,2024-07-19,13
135,160,165,2487.427243002118,0.0,0.0,0.0,2024-07-19,13
136,4,4,1494.6281227601405,0.0,0.0,0.0,2024-07-19,13
137,299,299,2579.162935505664,0.0,0.0,0.0,2024-07-19,13
138,228,228,3318.998444668932,0.0,0.0,0.0,2024-07-19,13
139,552,564,2491.6535685404688,0.0,0.0,0.0,2024-07-19,13
140,92,92,1211.3698346367942,0.0,0.0,0.0,2024-07-19,13
141,309,309,2788.6357916089783,0.0,0.0,0.0,2024-07-19,13
142,191,193,3072.0195949161844,0.0,0.0,0.0,2024-07-19,13
143,526,526,2248.654609075252,0.0,0.0,0.0,2024-07-19,13
144,207,207,2004.621170026253,0.0,0.0,0.0,2024-07-19,13
145,2,2,2325.089000557885,0.0,0.0,0.0,2024-07-19,13
146,0,0,,,,,2024-07-19,13
147,38,38,1285.6400560155842,0.0,0.0,0.0,2024-07-19,13
148,447,476,659.855977618666,0.0,0.0,1.2605042016806722,2024-07-19,13
149,1380,1391,684.4656353832696,0.0,0.0,10.783608914450037,2024-07-19,13
150,945,945,1887.3217521938461,0.0,0.0,0.0,2024-07-19,13
151,34,34,854.2357277268457,0.0,0.0,0.0,2024-07-19,13
152,23,24,1320.60170964322,0.0,0.0,0.0,2024-07-19,13
153,60,60,2168.9538525577245,0.0,0.0,0.0,2024-07-19,13
154,122,122,1079.9532926908432,0.0,0.0,0.0,2024-07-19,13
155,624,624,688.8106630295866,0.0,0.0,4.166666666666666,2024-07-19,13
156,0,0,,,,,2024-07-19,13
157,0,0,,,,,2024-07-19,13
158,138,139,717.0363026546694,0.0,0.0,0.0,2024-07-19,13
159,238,238,873.6969690961761,0.0,0.0,0.0,2024-07-19,13
160,299,299,1157.408452391189,0.0,0.0,0.0,2024-07-19,13
161,391,391,271.647955350669,3.8363171355498724,39.89769820971867,100.0,2024-07-19,13
162,315,315,611.7654717489477,0.0,0.0,24.444444444444443,2024-07-19,13
163,498,498,620.8134481978044,0.0,0.0,10.843373493975903,2024-07-19,13
164,527,527,875.9758417299139,0.0,0.0,0.0,2024-07-19,13
165,1111,1111,482.68234073463526,0.0,14.581458145814583,57.78577857785778,2024-07-19,13
166,1425,1425,1235.1425529293701,0.0,0.0,0.0,2024-07-19,13
167,1665,1729,1240.9788211291796,0.0,0.0,0.0,2024-07-19,13
168,1154,1211,1261.5015834968603,0.0,0.0,0.0,2024-07-19,13
169,1200,1243,881.7517518113316,0.0,0.0,0.0,2024-07-19,13
170,2355,2411,737.4466797950713,0.0,0.0,9.290750725839901,2024-07-19,13
171,498,498,618.8343990681869,0.0,0.0,18.27309236947791,2024-07-19,13
172,1794,1794,801.2336866442931,0.0,0.0,14.771460423634336,2024-07-19,13
173,1583,1583,354.90574645119807,0.0,26.658243840808595,84.01768793430196,2024-07-19,13
174,1154,1187,1261.771360504838,0.0,0.0,0.0,2024-07-19,13
175,150,160,1134.6551917708919,0.0,0.0,0.0,2024-07-19,13
176,824,824,984.4901205012465,0.0,0.0,0.0,2024-07-19,13
177,1697,1697,1686.8403235198057,0.0,0.0,0.0,2024-07-19,13
178,1430,1430,1757.50246571056,0.0,0.0,0.0,2024-07-19,13
179,646,646,2288.9947558537165,0.0,0.0,0.0,2024-07-19,13
180,611,611,2190.694516219413,0.0,0.0,0.0,2024-07-19,13
0,0,0,,,,,2024-07-19,14
1,1,1,2568.1078748651607,0.0,0.0,0.0,2024-07-19,14
2,0,0,,,,,2024-07-19,14
3,2265,4088,272.45421782621565,21.35518590998043,56.18884540117417,84.56457925636008,2024-07-19,14
4,316,662,338.4405950121651,0.4531722054380665,35.95166163141994,73.56495468277946,2024-07-19,14
5,478,676,765.9147114926495,0.0,18.34319526627219,25.443786982248522,2024-07-19,14
6,551,774,576.5095904495845,0.0,0.0,15.503875968992247,2024-07-19,14
7,604,1293,405.9896031744198,3.3255993812838365,25.135344160866204,64.96519721577727,2024-07-19,14
8,820,1803,506.30334766951177,0.0,0.0,46.8663338879645,2024-07-19,14
9,1293,1758,585.5922191949983,1.0807736063708762,9.385665529010238,31.968145620022753,2024-07-19,14
10,698,1136,345.8838271231476,11.003521126760564,22.711267605633804,81.07394366197182,2024-07-19,14
11,856,1084,288.38174860967166,13.376383763837637,39.11439114391143,93.35793357933579,2024-07-19,14
12,2030,3678,295.2398593665475,8.183795541054922,32.62642740619902,98.28711256117455,2024-07-19,14
13,302,455,436.0505978282769,0.0,0.0,66.37362637362637,2024-07-19,14
14,1033,1764,257.5749602301762,9.35374149659864,45.46485260770975,100.0,2024-07-19,14
15,1810,2948,394.5535816821263,0.44097693351424694,10.210312075983717,78.561736770692,2024-07-19,14
16,1846,3146,360.0436209118361,1.8753973299427844,20.62937062937063,86.55435473617293,2024-07-19,14
17,1167,2213,286.39825746109307,6.05512878445549,37.41527338454587,99.32218707636692,2024-07-19,14
18,593,940,439.20599659278435,0.0,12.02127659574468,55.1063829787234,2024-07-19,14
19,1646,2719,812.5278367244783,0.0,0.0,14.711290915777859,2024-07-19,14
20,3441,5180,306.16588747549065,6.930501930501931,44.575289575289574,86.58301158301158,2024-07-19,14
21,1224,2289,373.38495696523665,5.1550895587592835,17.64962865880297,86.85015290519877,2024-07-19,14
22,254,407,296.5186603651635,0.0,28.501228501228503,100.0,2024-07-19,14
23,785,1634,271.4136361754312,7.037943696450428,29.68176254589963,100.0,2024-07-19,14
24,1765,3033,246.3760490037958,8.803165182987142,50.4121332014507,100.0,2024-07-19,14
25,653,1107,697.4403260155697,0.0,0.0,5.691056910569105,2024-07-19,14
26,1323,3207,807.7804381877772,0.0,0.0,1.5590894917368257,2024-07-19,14
27,1521,3433,525.7617862626823,0.0,7.602679871832217,40.343722691523446,2024-07-19,14
28,1773,2076,1046.4418548850153,0.0,0.0,7.273603082851637,2024-07-19,14
29,100,210,273.1752424152937,0.0,48.095238095238095,98.09523809523809,2024-07-19,14
30,1031,2968,461.6494421535421,0.0,11.691374663072777,58.55795148247979,2024-07-19,14
31,550,550,677.1558155707862,0.0,0.0,38.18181818181819,2024-07-19,14
32,655,1002,363.21794855309463,11.87624750499002,53.39321357285429,69.061876247505,2024-07-19,14
33,2374,3319,783.3174374350575,4.097619764989455,16.239831274480267,47.454052425429346,2024-07-19,14
34,157,201,624.4813692422725,0.0,0.0,0.9950248756218906,2024-07-19,14
35,3724,5534,354.93340132253275,4.8608601373328515,28.966389591615467,79.45428261655222,2024-07-19,14
36,1596,2997,282.57293336229117,7.340674007340674,44.37771104437771,97.16383049716383,2024-07-19,14
37,346,1194,294.40805206214424,0.0,22.529313232830823,100.0,2024-07-19,14
38,2317,3640,519.2693238987534,0.0,0.8791208791208791,44.83516483516484,2024-07-19,14
39,844,1995,492.60328959402136,10.025062656641603,15.037593984962406,40.6015037593985,2024-07-19,14
40,401,1166,377.75169828053845,0.0,24.78559176672384,69.55403087478558,2024-07-19,14
41,687,2180,222.21184073951434,10.825688073394495,59.22018348623853,100.0,2024-07-19,14
42,2008,3202,335.6641541749293,4.62211118051218,24.45346658338538,95.19050593379139,2024-07-19,14
43,643,1314,330.6135514774951,1.750380517503805,22.526636225266362,97.86910197869102,2024-07-19,14
44,1650,3794,227.98978742183346,12.519768054823405,58.513442277279914,99.68371112282551,2024-07-19,14
45,3476,6025,272.221796626131,9.012448132780083,43.45228215767635,97.47717842323651,2024-07-19,14
46,2039,3491,285.40399370087226,8.908622171297623,40.41821827556574,93.66943569177886,2024-07-19,14
47,2382,4047,264.6533464435193,7.314059797380776,43.88435878428466,99.2092908327156,2024-07-19,14
48,3976,7160,363.71729136822034,2.164804469273743,21.10335195530726,85.26536312849163,2024-07-19,14
49,676,1187,395.1546488903703,0.0,13.142375737152484,90.73294018534119,2024-07-19,14
50,135,420,289.01978735594736,34.285714285714285,64.52380952380953,83.33333333333334,2024-07-19,14
51,853,2982,667.4492486018333,0.0,1.4419852448021462,29.912810194500334,2024-07-19,14
52,538,1590,245.45437938473827,10.817610062893083,50.44025157232704,99.87421383647799,2024-07-19,14
53,285,377,1144.7089695994887,0.0,0.0,0.5305039787798408,2024-07-19,14
54,1292,3880,344.94574699257566,3.556701030927835,30.103092783505154,82.91237113402062,2024-07-19,14
55,1020,3067,261.9751646196777,0.22823606129768503,38.31105314639713,100.0,2024-07-19,14
56,1406,2495,281.63485553461186,9.338677354709418,35.51102204408817,98.91783567134269,2024-07-19,14
57,2196,5249,355.67973374196794,4.705658220613451,33.77786244999047,74.45227662411888,2024-07-19,14
58,2027,4649,174.35147292524837,38.00817380081738,68.27274682727467,100.0,2024-07-19,14
59,314,576,173.9539223459916,3.9930555555555554,97.91666666666666,100.0,2024-07-19,14
60,1030,1918,203.84232709920914,18.039624608967674,61.31386861313869,100.0,2024-07-19,14
61,2298,4746,268.231320491768,10.32448377581121,42.89928360724821,98.2511588706279,2024-07-19,14
62,1313,1907,232.8782409576777,14.472994231777662,61.300471945464075,95.5951756685894,2024-07-19,14
63,1146,2455,163.3877722889827,11.405295315682281,88.39103869653768,100.0,2024-07-19,14
64,2284,4458,181.3594456126532,35.73351278600269,71.60161507402422,99.46164199192464,2024-07-19,14
65,3004,6050,311.4131434236652,8.826446280991735,41.32231404958678,85.17355371900827,2024-07-19,14
66,2169,4253,508.1249566302737,0.0,1.4577944980014106,47.98965436162709,2024-07-19,14
67,1225,2632,555.4988242318351,0.0,5.813069908814589,38.183890577507604,2024-07-19,14
68,921,1801,408.4244290001273,0.0,6.385341476957246,86.1188228761799,2024-07-19,14
69,1057,1853,376.0342080336912,4.155423637344846,11.76470588235294,86.77819751753913,2024-07-19,14
70,1369,2573,394.90795290334006,1.2436844150796735,11.69840652934318,81.84998056743102,2024-07-19,14
71,1514,3024,321.5708957299251,0.8267195767195766,19.17989417989418,100.0,2024-07-19,14
72,846,2081,239.21266252872064,3.8923594425756844,61.172513214800574,100.0,2024-07-19,14
73,1409,3470,311.6220143219432,2.420749279538905,30.547550432276655,96.68587896253602,2024-07-19,14
74,3542,8463,272.8308182310088,5.730828311473473,42.73898144865887,96.14793808342196,2024-07-19,14
75,1467,3612,390.2272121391291,1.8549280177187155,15.337763012181615,79.9280177187154,2024-07-19,14
76,1232,3420,472.2320902499644,3.625730994152047,14.269005847953217,51.11111111111111,2024-07-19,14
77,1757,4759,789.1995458722683,0.0,0.0,5.778524900189115,2024-07-19,14
78,474,943,851.1257423535121,13.57370095440085,13.891834570519618,27.67762460233298,2024-07-19,14
79,959,3124,291.67313475010184,8.25864276568502,36.93982074263765,98.5595390524968,2024-07-19,14
80,1903,3627,452.8821535343968,0.6617038875103392,11.855527984560242,58.86407499310725,2024-07-19,14
81,1180,3537,292.36731385077474,5.484874187164263,30.449533502968617,99.94345490528697,2024-07-19,14
82,11,101,146.13220726677363,0.0,99.00990099009901,100.0,2024-07-19,14
83,900,1763,585.0148620238884,0.0,2.7226318774815654,26.602382302892796,2024-07-19,14
84,1296,3323,526.98956185718,0.0,3.4306349684020465,40.23472765573277,2024-07-19,14
85,1112,3224,367.950885214386,5.303970223325062,32.59925558312655,72.98387096774194,2024-07-19,14
86,1164,2420,893.1395992728043,0.0,0.0,0.0,2024-07-19,14
87,1011,1723,400.76149283413844,0.0,23.50551363900174,68.6012768427162,2024-07-19,14
88,831,3238,270.3962375036087,0.3088326127239036,51.791229153798646,100.0,2024-07-19,14
89,1762,3735,455.36914218645853,4.551539491298527,14.67202141900937,50.20080321285141,2024-07-19,14
90,1350,1613,329.39103777729804,4.091754494730316,37.011779293242405,82.33106013639183,2024-07-19,14
91,1961,3517,344.4754419653219,4.549331816889395,29.257890247369918,83.45180551606482,2024-07-19,14
92,2332,5184,312.5808021063974,2.9320987654320985,34.62577160493827,93.07484567901234,2024-07-19,14
93,1752,3924,391.97116915158887,3.4403669724770642,17.252803261977572,74.54128440366972,2024-07-19,14
94,1547,1902,561.1323117491883,21.451104100946374,21.766561514195583,38.380651945320714,2024-07-19,14
95,1261,1556,452.4514024441081,0.3213367609254499,20.629820051413883,54.88431876606684,2024-07-19,14
96,2543,3155,381.46971439825717,5.26148969889065,30.459587955625988,75.87955625990492,2024-07-19,14
97,1025,1066,577.2714335481935,0.0,0.0,31.801125703564725,2024-07-19,14
98,63,63,1351.8294678330644,0.0,0.0,0.0,2024-07-19,14
99,0,0,,,,,2024-07-19,14
100,188,350,2323.7366740179123,0.0,0.0,0.0,2024-07-19,14
101,635,668,1177.6199067863752,0.0,0.0,0.0,2024-07-19,14
102,0,0,,,,,2024-07-19,14
103,2089,2686,1847.7459706507477,0.0,0.0,0.0,2024-07-19,14
104,1751,2032,1604.5581014885563,0.0,0.0,0.0,2024-07-19,14
105,1555,1672,2085.2630433848744,0.0,0.0,0.0,2024-07-19,14
106,1029,1100,2857.0190342329106,0.0,0.0,0.0,2024-07-19,14
107,32,32,2063.62020099475,0.0,0.0,0.0,2024-07-19,14
108,0,0,,,,,2024-07-19,14
109,943,999,760.7395143134336,0.0,0.0,0.0,2024-07-19,14
110,902,998,826.125952566327,0.0,0.0,0.0,2024-07-19,14
111,1114,1315,665.4508578157128,0.0,0.0,25.627376425855513,2024-07-19,14
112,1353,1484,717.6043566988455,0.0,0.0,0.9433962264150944,2024-07-19,14
113,145,334,699.3441330296827,0.0,0.0,6.287425149700598,2024-07-19,14
114,1589,2201,1027.8864144219942,0.0,0.0,0.0,2024-07-19,14
115,263,269,999.5466271955853,0.0,0.0,0.0,2024-07-19,14
116,46,62,270.81404833207205,27.419354838709676,48.38709677419355,100.0,2024-07-19,14
117,74,99,432.1280579665141,0.0,0.0,74.74747474747475,2024-07-19,14
118,53,68,746.5347808377136,0.0,0.0,0.0,2024-07-19,14
119,431,616,1342.1361613004074,0.0,0.0,0.0,2024-07-19,14
120,828,2075,1469.331905853658,0.0,0.0,0.0,2024-07-19,14
121,156,1249,1611.576511018916,0.0,0.0,0.0,2024-07-19,14
122,178,1002,1826.3128930027453,0.0,0.0,0.0,2024-07-19,14
123,2,2,807.5418786974999,0.0,0.0,0.0,2024-07-19,14
124,172,1505,1523.1941955079221,0.0,0.0,0.0,2024-07-19,14
125,260,1342,1947.6674903936369,0.0,0.0,0.0,2024-07-19,14
126,717,2197,2340.702904519191,0.0,0.0,0.0,2024-07-19,14
127,0,0,,,,,2024-07-19,14
128,46,345,1717.7149732860648,0.0,0.0,0.0,2024-07-19,14
129,1327,1569,944.2609769951277,0.0,0.0,0.0,2024-07-19,14
130,133,424,1373.453708524201,0.0,0.0,0.0,2024-07-19,14
131,1087,2247,1565.7506513130725,0.0,0.0,0.0,2024-07-19,14
132,1066,3263,1756.3067368804889,0.0,0.0,0.0,2024-07-19,14
133,285,302,1002.5852489129961,0.0,0.0,0.0,2024-07-19,14
134,7,7,1857.8361539627447,0.0,0.0,0.0,2024-07-19,14
135,160,165,2487.427243002118,0.0,0.0,0.0,2024-07-19,14
136,4,4,1494.6281227601405,0.0,0.0,0.0,2024-07-19,14
137,299,299,2579.162935505664,0.0,0.0,0.0,2024-07-19,14
138,228,228,3318.998444668932,0.0,0.0,0.0,2024-07-19,14
139,552,564,2491.6535685404688,0.0,0.0,0.0,2024-07-19,14
140,92,92,1211.3698346367942,0.0,0.0,0.0,2024-07-19,14
141,309,309,2788.6357916089783,0.0,0.0,0.0,2024-07-19,14
142,191,193,3072.0195949161844,0.0,0.0,0.0,2024-07-19,14
143,526,526,2248.654609075252,0.0,0.0,0.0,2024-07-19,14
144,207,207,2004.621170026253,0.0,0.0,0.0,2024-07-19,14
145,2,2,2325.089000557885,0.0,0.0,0.0,2024-07-19,14
146,0,0,,,,,2024-07-19,14
147,38,38,1285.6400560155842,0.0,0.0,0.0,2024-07-19,14
148,447,476,659.855977618666,0.0,0.0,1.2605042016806722,2024-07-19,14
149,1380,1391,684.4656353832696,0.0,0.0,10.783608914450037,2024-07-19,14
150,945,945,1887.3217521938461,0.0,0.0,0.0,2024-07-19,14
151,34,34,854.2357277268457,0.0,0.0,0.0,2024-07-19,14
152,23,24,1320.60170964322,0.0,0.0,0.0,2024-07-19,14
153,60,60,2168.9538525577245,0.0,0.0,0.0,2024-07-19,14
154,122,122,1079.9532926908432,0.0,0.0,0.0,2024-07-19,14
155,624,624,688.8106630295866,0.0,0.0,4.166666666666666,2024-07-19,14
156,0,0,,,,,2024-07-19,14
157,0,0,,,,,2024-07-19,14
158,138,139,717.0363026546694,0.0,0.0,0.0,2024-07-19,14
159,238,238,873.6969690961761,0.0,0.0,0.0,2024-07-19,14
160,299,299,1157.408452391189,0.0,0.0,0.0,2024-07-19,14
161,391,391,271.647955350669,3.8363171355498724,39.89769820971867,100.0,2024-07-19,14
162,315,315,611.7654717489477,0.0,0.0,24.444444444444443,2024-07-19,14
163,498,498,620.8134481978044,0.0,0.0,10.843373493975903,2024-07-19,14
164,527,527,875.9758417299139,0.0,0.0,0.0,2024-07-19,14
165,1111,1111,482.68234073463526,0.0,14.581458145814583,57.78577857785778,2024-07-19,14
166,1425,1425,1235.1425529293701,0.0,0.0,0.0,2024-07-19,14
167,1665,1729,1493.920815518561,0.0,0.0,0.0,2024-07-19,14
168,1154,1211,1438.9318889114331,0.0,0.0,0.0,2024-07-19,14
169,1200,1243,881.7517518113316,0.0,0.0,0.0,2024-07-19,14
170,2355,2411,984.2173348205467,0.0,0.0,0.0,2024-07-19,14
171,498,498,1017.542842590836,0.0,0.0,0.0,2024-07-19,14
172,1794,1794,898.4311043445632,0.0,0.0,3.511705685618729,2024-07-19,14
173,1583,1583,689.0790141071524,0.0,0.0,12.634238787113075,2024-07-19,14
174,1154,1187,1261.771360504838,0.0,0.0,0.0,2024-07-19,14
175,150,160,1134.6551917708919,0.0,0.0,0.0,2024-07-19,14
176,824,824,984.4901205012465,0.0,0.0,0.0,2024-07-19,14
177,1697,1697,1688.3413886466894,0.0,0.0,0.0,2024-07-19,14
178,1430,1430,1785.4366583275446,0.0,0.0,0.0,2024-07-19,14
179,646,646,2288.9947558537165,0.0,0.0,0.0,2024-07-19,14
180,611,611,2190.694516219413,0.0,0.0,0.0,2024-07-19,14
0,0,0,,,,,2024-07-19,15
1,1,1,2568.1078748651607,0.0,0.0,0.0,2024-07-19,15
2,0,0,,,,,2024-07-19,15
3,2265,4088,272.45421782621565,21.35518590998043,56.18884540117417,84.56457925636008,2024-07-19,15
4,316,662,338.4405950121651,0.4531722054380665,35.95166163141994,73.56495468277946,2024-07-19,15
5,478,676,765.9147114926495,0.0,18.34319526627219,25.443786982248522,2024-07-19,15
6,551,774,576.5161678955773,0.0,0.0,15.503875968992247,2024-07-19,15
7,604,1293,405.9896031744198,3.3255993812838365,25.135344160866204,64.96519721577727,2024-07-19,15
8,820,1803,506.30334766951177,0.0,0.0,46.8663338879645,2024-07-19,15
9,1293,1758,585.5922191949983,1.0807736063708762,9.385665529010238,31.968145620022753,2024-07-19,15
10,698,1136,345.8838271231476,11.003521126760564,22.711267605633804,81.07394366197182,2024-07-19,15
11,856,1084,288.38174860967166,13.376383763837637,39.11439114391143,93.35793357933579,2024-07-19,15
12,2030,3678,295.2398593665475,8.183795541054922,32.62642740619902,98.28711256117455,2024-07-19,15
13,302,455,436.0505978282769,0.0,0.0,66.37362637362637,2024-07-19,15
14,1033,1764,257.5749602301762,9.35374149659864,45.46485260770975,100.0,2024-07-19,15
15,1810,2948,669.0122898544323,0.0,0.0,24.898236092265943,2024-07-19,15
16,1846,3146,360.0436209118361,1.8753973299427844,20.62937062937063,86.55435473617293,2024-07-19,15
17,1167,2213,286.39825746109307,6.05512878445549,37.41527338454587,99.32218707636692,2024-07-19,15
18,593,940,439.20599659278435,0.0,12.02127659574468,55.1063829787234,2024-07-19,15
19,1646,2719,983.4338333895519,0.0,0.0,0.0,2024-07-19,15
20,3441,5180,309.0932167743334,6.930501930501931,44.575289575289574,85.57915057915058,2024-07-19,15
21,1224,2289,402.9649798428075,5.1550895587592835,17.64962865880297,71.77806902577545,2024-07-19,15
22,254,407,296.5186603651635,0.0,28.501228501228503,100.0,2024-07-19,15
23,785,1634,271.4136361754312,7.037943696450428,29.68176254589963,100.0,2024-07-19,15
24,1765,3033,314.0331888611607,5.868776788658094,37.223870755028024,89.7131552917903,2024-07-19,15
25,653,1107,697.4403260155697,0.0,0.0,5.691056910569105,2024-07-19,15
26,1323,3207,795.929389852053,0.0,0.0,1.5590894917368257,2024-07-19,15
27,1521,3433,415.42374962919735,1.398193999417419,18.78823186717157,66.55986018060005,2024-07-19,15
28,1773,2076,1045.998171976871,0.0,0.0,7.273603082851637,2024-07-19,15
29,100,210,273.1752424152937,0.0,48.095238095238095,98.09523809523809,2024-07-19,15
30,1031,2968,461.6494421535421,0.0,11.691374663072777,58.55795148247979,2024-07-19,15
31,550,550,677.1558155707862,0.0,0.0,38.18181818181819,2024-07-19,15
32,655,1002,363.21794855309463,11.87624750499002,53.39321357285429,69.061876247505,2024-07-19,15
33,2374,3319,783.3174374350575,4.097619764989455,16.239831274480267,47.454052425429346,2024-07-19,15
34,157,201,624.4813692422725,0.0,0.0,0.9950248756218906,2024-07-19,15
35,3724,5534,354.93340132253275,4.8608601373328515,28.966389591615467,79.45428261655222,2024-07-19,15
36,1596,2997,282.57293336229117,7.340674007340674,44.37771104437771,97.16383049716383,2024-07-19,15
37,346,1194,294.40805206214424,0.0,22.529313232830823,100.0,2024-07-19,15
38,2317,3640,519.2693238987534,0.0,0.8791208791208791,44.83516483516484,2024-07-19,15
39,844,1995,492.60328959402136,10.025062656641603,15.037593984962406,40.6015037593985,2024-07-19,15
40,401,1166,377.75169828053845,0.0,24.78559176672384,69.55403087478558,2024-07-19,15
41,687,2180,222.21184073951434,10.825688073394495,59.22018348623853,100.0,2024-07-19,15
42,2008,3202,335.6641541749293,4.62211118051218,24.45346658338538,95.19050593379139,2024-07-19,15
43,643,1314,330.6135514774951,1.750380517503805,22.526636225266362,97.86910197869102,2024-07-19,15
44,1650,3794,227.98978742183346,12.519768054823405,58.513442277279914,99.68371112282551,2024-07-19,15
45,3476,6025,243.504077611752,11.153526970954356,52.14937759336099,99.26970954356847,2024-07-19,15
46,2039,3491,296.2903666625176,7.619593239759381,36.23603551990834,93.66943569177886,2024-07-19,15
47,2382,4047,371.3238450894953,5.06548060291574,27.501853224610823,72.10279219174697,2024-07-19,15
48,3976,7160,302.9001305175295,5.684357541899441,35.60055865921788,93.68715083798882,2024-07-19,15
49,676,1187,395.1546488903703,0.0,13.142375737152484,90.73294018534119,2024-07-19,15
50,135,420,491.9610805711218,0.0,27.857142857142858,46.666666666666664,2024-07-19,15
51,853,2982,667.4492486018333,0.0,1.4419852448021462,29.912810194500334,2024-07-19,15
52,538,1590,245.45437938473827,10.817610062893083,50.44025157232704,99.87421383647799,2024-07-19,15
53,285,377,1144.7089695994887,0.0,0.0,0.5305039787798408,2024-07-19,15
54,1292,3880,344.94574699257566,3.556701030927835,30.103092783505154,82.91237113402062,2024-07-19,15
55,1020,3067,292.2993205405679,0.0,30.9422888816433,96.02217150309748,2024-07-19,15
56,1406,2495,292.72668220079726,9.338677354709418,33.38677354709419,98.91783567134269,2024-07-19,15
57,2196,5249,355.67973374196794,4.705658220613451,33.77786244999047,74.45227662411888,2024-07-19,15
58,2027,4649,312.03691593139854,14.196601419660142,36.136803613680364,85.45923854592385,2024-07-19,15
59,314,576,223.95770682206384,2.430555555555556,68.57638888888889,100.0,2024-07-19,15
60,1030,1918,210.22828343923308,18.039624608967674,57.97705943691345,100.0,2024-07-19,15
61,2298,4746,269.9796389122278,16.77201854193005,51.64348925410872,92.1196797302992,2024-07-19,15
62,1313,1907,229.60466022142845,13.214472994231777,61.24803356056634,96.90613529103304,2024-07-19,15
63,1146,2455,209.99569623985232,4.887983706720977,69.4501018329939,100.0,2024-07-19,15
64,2284,4458,192.6528526226365,35.4419021982952,75.05607895917453,91.67788245850157,2024-07-19,15
65,3004,6050,347.83095834577387,5.421487603305785,30.49586776859504,83.50413223140495,2024-07-19,15
66,2169,4253,509.7181016833319,0.0,1.4577944980014106,47.002116153303554,2024-07-19,15
67,1225,2632,555.4988242318351,0.0,5.813069908814589,38.183890577507604,2024-07-19,15
68,921,1801,408.4244290001273,0.0,6.385341476957246,86.1188228761799,2024-07-19,15
69,1057,1853,376.0342080336912,4.155423637344846,11.76470588235294,86.77819751753913,2024-07-19,15
70,1369,2573,394.90795290334006,1.2436844150796735,11.69840652934318,81.84998056743102,2024-07-19,15
71,1514,3024,321.5708957299251,0.8267195767195766,19.17989417989418,100.0,2024-07-19,15
72,846,2081,239.21266252872064,3.8923594425756844,61.172513214800574,100.0,2024-07-19,15
73,1409,3470,311.6220143219432,2.420749279538905,30.547550432276655,96.68587896253602,2024-07-19,15
74,3542,8463,272.8308182310088,5.730828311473473,42.73898144865887,96.14793808342196,2024-07-19,15
75,1467,3612,390.2349305112315,1.8549280177187155,15.337763012181615,79.9280177187154,2024-07-19,15
76,1232,3420,475.0701410725518,3.625730994152047,14.269005847953217,51.11111111111111,2024-07-19,15
77,1757,4759,789.1995458722683,0.0,0.0,5.778524900189115,2024-07-19,15
78,474,943,851.1257423535121,13.57370095440085,13.891834570519618,27.67762460233298,2024-07-19,15
79,959,3124,289.52811417249796,8.25864276568502,36.93982074263765,99.8719590268886,2024-07-19,15
80,1903,3627,597.2488823325195,0.0,1.8748276812792941,24.95175075820237,2024-07-19,15
81,1180,3537,469.84299448025416,1.4984450098953916,6.361323155216285,56.54509471303364,2024-07-19,15
82,11,101,146.72399224190454,0.0,99.00990099009901,99.00990099009901,2024-07-19,15
83,900,1763,584.92468281543,0.0,2.7226318774815654,26.602382302892796,2024-07-19,15
84,1296,3323,311.8691676004824,8.245561239843514,37.13511886849233,86.45801986157086,2024-07-19,15
85,1112,3224,367.6275221225738,5.303970223325062,32.59925558312655,72.98387096774194,2024-07-19,15
86,1164,2420,526.5107614225666,0.0,0.0,39.710743801652896,2024-07-19,15
87,1011,1723,400.76149283413844,0.0,23.50551363900174,68.6012768427162,2024-07-19,15
88,831,3238,403.92136913301647,0.0,30.543545398394073,58.46201358863497,2024-07-19,15
89,1762,3735,455.36914218645853,4.551539491298527,14.67202141900937,50.20080321285141,2024-07-19,15
90,1350,1613,329.39103777729804,4.091754494730316,37.011779293242405,82.33106013639183,2024-07-19,15
91,1961,3517,344.4754419653219,4.549331816889395,29.257890247369918,83.45180551606482,2024-07-19,15
92,2332,5184,312.6014286243512,2.9320987654320985,34.62577160493827,92.97839506172839,2024-07-19,15
93,1752,3924,392.8740420859701,3.4403669724770642,17.252803261977572,74.54128440366972,2024-07-19,15
94,1547,1902,561.7285398101071,21.451104100946374,21.55625657202944,38.380651945320714,2024-07-19,15
95,1261,1556,450.07398835908316,0.3213367609254499,20.629820051413883,54.88431876606684,2024-07-19,15
96,2543,3155,381.46971439825717,5.26148969889065,30.459587955625988,75.87955625990492,2024-07-19,15
97,1025,1066,577.2714335481935,0.0,0.0,31.801125703564725,2024-07-19,15
98,63,63,1351.8294678330644,0.0,0.0,0.0,2024-07-19,15
99,0,0,,,,,2024-07-19,15
100,188,350,2323.7366740179123,0.0,0.0,0.0,2024-07-19,15
101,635,668,1177.6199067863752,0.0,0.0,0.0,2024-07-19,15
102,0,0,,,,,2024-07-19,15
103,2089,2686,1847.7459706507477,0.0,0.0,0.0,2024-07-19,15
104,1751,2032,1604.5581014885563,0.0,0.0,0.0,2024-07-19,15
105,1555,1672,2085.2630433848744,0.0,0.0,0.0,2024-07-19,15
106,1029,1100,2857.0190342329106,0.0,0.0,0.0,2024-07-19,15
107,32,32,2063.62020099475,0.0,0.0,0.0,2024-07-19,15
108,0,0,,,,,2024-07-19,15
109,943,999,760.7395143134336,0.0,0.0,0.0,2024-07-19,15
110,902,998,826.125952566327,0.0,0.0,0.0,2024-07-19,15
111,1114,1315,665.4508578157128,0.0,0.0,25.627376425855513,2024-07-19,15
112,1353,1484,717.6043566988455,0.0,0.0,0.9433962264150944,2024-07-19,15
113,145,334,699.3441330296827,0.0,0.0,6.287425149700598,2024-07-19,15
114,1589,2201,1027.8864144219942,0.0,0.0,0.0,2024-07-19,15
115,263,269,999.5466271955853,0.0,0.0,0.0,2024-07-19,15
116,46,62,270.81404833207205,27.419354838709676,48.38709677419355,100.0,2024-07-19,15
117,74,99,432.1280579665141,0.0,0.0,74.74747474747475,2024-07-19,15
118,53,68,746.5347808377136,0.0,0.0,0.0,2024-07-19,15
119,431,616,1342.1361613004074,0.0,0.0,0.0,2024-07-19,15
120,828,2075,1469.331905853658,0.0,0.0,0.0,2024-07-19,15
121,156,1249,1611.576511018916,0.0,0.0,0.0,2024-07-19,15
122,178,1002,1826.3128930027453,0.0,0.0,0.0,2024-07-19,15
123,2,2,807.5418786974999,0.0,0.0,0.0,2024-07-19,15
124,172,1505,1523.189281629196,0.0,0.0,0.0,2024-07-19,15
125,260,1342,1947.6674903936369,0.0,0.0,0.0,2024-07-19,15
126,717,2197,2340.702904519191,0.0,0.0,0.0,2024-07-19,15
127,0,0,,,,,2024-07-19,15
128,46,345,1635.144355485216,0.0,0.0,0.0,2024-07-19,15
129,1327,1569,934.8013541607448,0.0,0.0,0.0,2024-07-19,15
130,133,424,1355.0095853760122,0.0,0.0,0.0,2024-07-19,15
131,1087,2247,1565.7506513130725,0.0,0.0,0.0,2024-07-19,15
132,1066,3263,1756.3067368804889,0.0,0.0,0.0,2024-07-19,15
133,285,302,1002.5852489129961,0.0,0.0,0.0,2024-07-19,15
134,7,7,1857.8361539627447,0.0,0.0,0.0,2024-07-19,15
135,160,165,2487.427243002118,0.0,0.0,0.0,2024-07-19,15
136,4,4,1494.6281227601405,0.0,0.0,0.0,2024-07-19,15
137,299,299,2579.162935505664,0.0,0.0,0.0,2024-07-19,15
138,228,228,3318.998444668932,0.0,0.0,0.0,2024-07-19,15
139,552,564,2491.6535685404688,0.0,0.0,0.0,2024-07-19,15
140,92,92,1211.3698346367942,0.0,0.0,0.0,2024-07-19,15
141,309,309,2788.6357916089783,0.0,0.0,0.0,2024-07-19,15
142,191,193,3072.0195949161844,0.0,0.0,0.0,2024-07-19,15
143,526,526,2248.654609075252,0.0,0.0,0.0,2024-07-19,15
144,207,207,2004.621170026253,0.0,0.0,0.0,2024-07-19,15
145,2,2,2325.089000557885,0.0,0.0,0.0,2024-07-19,15
146,0,0,,,,,2024-07-19,15
147,38,38,1285.6400560155842,0.0,0.0,0.0,2024-07-19,15
148,447,476,659.855977618666,0.0,0.0,1.2605042016806722,2024-07-19,15
149,1380,1391,684.4656353832696,0.0,0.0,10.783608914450037,2024-07-19,15
150,945,945,1887.3217521938461,0.0,0.0,0.0,2024-07-19,15
151,34,34,854.2357277268457,0.0,0.0,0.0,2024-07-19,15
152,23,24,1320.60170964322,0.0,0.0,0.0,2024-07-19,15
153,60,60,2168.9538525577245,0.0,0.0,0.0,2024-07-19,15
154,122,122,1079.9532926908432,0.0,0.0,0.0,2024-07-19,15
155,624,624,688.8106630295866,0.0,0.0,4.166666666666666,2024-07-19,15
156,0,0,,,,,2024-07-19,15
157,0,0,,,,,2024-07-19,15
158,138,139,717.0363026546694,0.0,0.0,0.0,2024-07-19,15
159,238,238,873.6969690961761,0.0,0.0,0.0,2024-07-19,15
160,299,299,1157.408452391189,0.0,0.0,0.0,2024-07-19,15
161,391,391,271.647955350669,3.8363171355498724,39.89769820971867,100.0,2024-07-19,15
162,315,315,611.7654717489477,0.0,0.0,24.444444444444443,2024-07-19,15
163,498,498,620.8134481978044,0.0,0.0,10.843373493975903,2024-07-19,15
164,527,527,875.9758417299139,0.0,0.0,0.0,2024-07-19,15
165,1111,1111,482.68234073463526,0.0,14.581458145814583,57.78577857785778,2024-07-19,15
166,1425,1425,1235.1425529293701,0.0,0.0,0.0,2024-07-19,15
167,1665,1729,1493.920815518561,0.0,0.0,0.0,2024-07-19,15
168,1154,1211,1438.9318889114331,0.0,0.0,0.0,2024-07-19,15
169,1200,1243,881.7517518113316,0.0,0.0,0.0,2024-07-19,15
170,2355,2411,984.2173348205467,0.0,0.0,0.0,2024-07-19,15
171,498,498,1017.542842590836,0.0,0.0,0.0,2024-07-19,15
172,1794,1794,898.4311043445632,0.0,0.0,3.511705685618729,2024-07-19,15
173,1583,1583,689.0790141071524,0.0,0.0,12.634238787113075,2024-07-19,15
174,1154,1187,1261.771360504838,0.0,0.0,0.0,2024-07-19,15
175,150,160,1134.6551917708919,0.0,0.0,0.0,2024-07-19,15
176,824,824,984.4901205012465,0.0,0.0,0.0,2024-07-19,15
177,1697,1697,1688.3413886466894,0.0,0.0,0.0,2024-07-19,15
178,1430,1430,1785.4366583275446,0.0,0.0,0.0,2024-07-19,15
179,646,646,2288.9947558537165,0.0,0.0,0.0,2024-07-19,15
180,611,611,2190.694516219413,0.0,0.0,0.0,2024-07-19,15
0,0,0,,,,,2024-07-19,16
1,1,1,2568.1078748651607,0.0,0.0,0.0,2024-07-19,16
2,0,0,,,,,2024-07-19,16
3,2265,4088,272.45421782621565,21.35518590998043,56.18884540117417,84.56457925636008,2024-07-19,16
4,316,662,338.57083890759105,0.4531722054380665,35.95166163141994,73.56495468277946,2024-07-19,16
5,478,676,765.9147114926495,0.0,18.34319526627219,25.443786982248522,2024-07-19,16
6,551,774,651.9356055473895,0.0,0.0,5.297157622739018,2024-07-19,16
7,604,1293,405.9896031744198,3.3255993812838365,25.135344160866204,64.96519721577727,2024-07-19,16
8,820,1803,506.476390386429,0.0,0.0,46.8663338879645,2024-07-19,16
9,1293,1758,935.2917391034382,0.0,0.0,0.0,2024-07-19,16
10,698,1136,832.8388981267914,0.0,0.0,10.387323943661972,2024-07-19,16
11,856,1084,288.52000700027975,13.376383763837637,39.11439114391143,93.35793357933579,2024-07-19,16
12,2030,3678,882.8362725394649,0.0,0.0,0.0,2024-07-19,16
13,302,455,569.0419603423111,0.0,0.0,20.659340659340657,2024-07-19,16
14,1033,1764,351.3493652484286,8.560090702947845,33.50340136054422,75.28344671201815,2024-07-19,16
15,1810,2948,550.630049037258,0.0,1.797829036635007,36.329715061058344,2024-07-19,16
16,1846,3146,366.13299687068195,1.8753973299427844,20.62937062937063,83.53464717101082,2024-07-19,16
17,1167,2213,705.8648833606604,0.0,0.0,3.3438770899231813,2024-07-19,16
18,593,940,456.64276875625086,0.0,12.02127659574468,52.02127659574468,2024-07-19,16
19,1646,2719,966.2146428437073,0.0,0.0,0.0,2024-07-19,16
20,3441,5180,342.41067754906845,6.718146718146718,41.389961389961385,76.91119691119691,2024-07-19,16
21,1224,2289,482.2676212360725,5.1550895587592835,17.47487986020096,51.725644386194844,2024-07-19,16
22,254,407,325.4821855610449,0.0,28.255528255528255,93.12039312039312,2024-07-19,16
23,785,1634,271.4136361754312,7.037943696450428,29.68176254589963,100.0,2024-07-19,16
24,1765,3033,428.32835538389037,2.90141773821299,29.244971974942302,65.31486976590834,2024-07-19,16
25,653,1107,692.6476686286076,0.0,0.0,5.691056910569105,2024-07-19,16
26,1323,3207,795.929389852053,0.0,0.0,1.5590894917368257,2024-07-19,16
27,1521,3433,415.42374962919735,1.398193999417419,18.78823186717157,66.55986018060005,2024-07-19,16
28,1773,2076,805.8315395874725,0.6262042389210019,5.491329479768786,26.83044315992293,2024-07-19,16
29,100,210,273.12419111301216,0.0,48.095238095238095,98.09523809523809,2024-07-19,16
30,1031,2968,461.17334652176885,0.0,11.691374663072777,58.55795148247979,2024-07-19,16
31,550,550,677.1558155707862,0.0,0.0,38.18181818181819,2024-07-19,16
32,655,1002,294.58876014547286,11.87624750499002,53.39321357285429,84.73053892215569,2024-07-19,16
33,2374,3319,783.3174374350575,4.097619764989455,16.239831274480267,47.454052425429346,2024-07-19,16
34,157,201,624.4813692422725,0.0,0.0,0.9950248756218906,2024-07-19,16
35,3724,5534,354.93340132253275,4.8608601373328515,28.966389591615467,79.45428261655222,2024-07-19,16
36,1596,2997,282.57293336229117,7.340674007340674,44.37771104437771,97.16383049716383,2024-07-19,16
37,346,1194,294.40805206214424,0.0,22.529313232830823,100.0,2024-07-19,16
38,2317,3640,519.2693238987534,0.0,0.8791208791208791,44.83516483516484,2024-07-19,16
39,844,1995,492.60328959402136,10.025062656641603,15.037593984962406,40.6015037593985,2024-07-19,16
40,401,1166,377.75169828053845,0.0,24.78559176672384,69.55403087478558,2024-07-19,16
41,687,2180,222.21184073951434,10.825688073394495,59.22018348623853,100.0,2024-07-19,16
42,2008,3202,335.6641541749293,4.62211118051218,24.45346658338538,95.19050593379139,2024-07-19,16
43,643,1314,333.67808774837397,1.750380517503805,22.526636225266362,94.29223744292237,2024-07-19,16
44,1650,3794,231.6509782640923,10.463890353189246,58.22351080653664,99.68371112282551,2024-07-19,16
45,3476,6025,276.9511988537558,6.390041493775933,40.6804979253112,98.19087136929461,2024-07-19,16
46,2039,3491,553.8845531562413,0.0,7.79146376396448,38.155256373531934,2024-07-19,16
47,2382,4047,413.1450780718529,5.06548060291574,27.501853224610823,67.0867309117865,2024-07-19,16
48,3976,7160,593.6471696069467,0.0,6.5083798882681565,31.089385474860336,2024-07-19,16
49,676,1187,522.0896675157962,0.0,5.223251895534962,43.72367312552654,2024-07-19,16
50,135,420,491.9610805711218,0.0,27.857142857142858,46.666666666666664,2024-07-19,16
51,853,2982,667.4492486018333,0.0,1.4419852448021462,29.912810194500334,2024-07-19,16
52,538,1590,245.45437938473827,10.817610062893083,50.44025157232704,99.87421383647799,2024-07-19,16
53,285,377,1144.7089695994887,0.0,0.0,0.5305039787798408,2024-07-19,16
54,1292,3880,344.94574699257566,3.556701030927835,30.103092783505154,82.91237113402062,2024-07-19,16
55,1020,3067,292.2993205405679,0.0,30.9422888816433,96.02217150309748,2024-07-19,16
56,1406,2495,292.72668220079726,9.338677354709418,33.38677354709419,98.91783567134269,2024-07-19,16
57,2196,5249,355.67973374196794,4.705658220613451,33.77786244999047,74.45227662411888,2024-07-19,16
58,2027,4649,143.75367189435488,28.242632824263282,92.53602925360292,100.0,2024-07-19,16
59,314,576,109.88750811771608,49.13194444444444,100.0,100.0,2024-07-19,16
60,1030,1918,197.33448575512642,20.38581856100104,63.138686131386855,100.0,2024-07-19,16
61,2298,4746,276.2200531115511,16.77201854193005,51.64348925410872,87.96881584492205,2024-07-19,16
62,1313,1907,266.3014490556442,5.138961719979025,45.4116413214473,96.85369690613528,2024-07-19,16
63,1146,2455,214.02789857323478,4.887983706720977,65.90631364562118,100.0,2024-07-19,16
64,2284,4458,192.6528526226365,35.4419021982952,75.05607895917453,91.67788245850157,2024-07-19,16
65,3004,6050,422.1567120996024,3.008264462809917,21.25619834710744,64.26446280991736,2024-07-19,16
66,2169,4253,509.7181016833319,0.0,1.4577944980014106,47.002116153303554,2024-07-19,16
67,1225,2632,554.2485640080253,0.0,5.813069908814589,38.183890577507604,2024-07-19,16
68,921,1801,559.7844731342418,0.0,0.0,26.65186007773459,2024-07-19,16
69,1057,1853,376.0342080336912,4.155423637344846,11.76470588235294,86.77819751753913,2024-07-19,16
70,1369,2573,394.90795290334006,1.2436844150796735,11.69840652934318,81.84998056743102,2024-07-19,16
71,1514,3024,414.61397022272337,0.0,7.771164021164021,72.78439153439153,2024-07-19,16
72,846,2081,271.8239796963538,3.0754444978375783,41.56655454108601,100.0,2024-07-19,16
73,1409,3470,311.6220143219432,2.420749279538905,30.547550432276655,96.68587896253602,2024-07-19,16
74,3542,8463,431.6855462537264,3.6157390996100673,22.332506203473944,58.85619756587499,2024-07-19,16
75,1467,3612,390.2349305112315,1.8549280177187155,15.337763012181615,79.9280177187154,2024-07-19,16
76,1232,3420,475.0701410725518,3.625730994152047,14.269005847953217,51.11111111111111,2024-07-19,16
77,1757,4759,789.1995458722683,0.0,0.0,5.778524900189115,2024-07-19,16
78,474,943,851.1257423535121,13.57370095440085,13.891834570519618,27.67762460233298,2024-07-19,16
79,959,3124,289.52811417249796,8.25864276568502,36.93982074263765,99.8719590268886,2024-07-19,16
80,1903,3627,597.2488823325195,0.0,1.8748276812792941,24.95175075820237,2024-07-19,16
81,1180,3537,469.84299448025416,1.4984450098953916,6.361323155216285,56.54509471303364,2024-07-19,16
82,11,101,146.72399224190454,0.0,99.00990099009901,99.00990099009901,2024-07-19,16
83,900,1763,584.92468281543,0.0,2.7226318774815654,26.602382302892796,2024-07-19,16
84,1296,3323,311.8691676004824,8.245561239843514,37.13511886849233,86.45801986157086,2024-07-19,16
85,1112,3224,367.6275221225738,5.303970223325062,32.59925558312655,72.98387096774194,2024-07-19,16
86,1164,2420,526.5107614225666,0.0,0.0,39.710743801652896,2024-07-19,16
87,1011,1723,400.76149283413844,0.0,23.50551363900174,68.6012768427162,2024-07-19,16
88,831,3238,341.0524022785726,0.0,30.543545398394073,90.30265596046942,2024-07-19,16
89,1762,3735,455.36914218645853,4.551539491298527,14.67202141900937,50.20080321285141,2024-07-19,16
90,1350,1613,329.39103777729804,4.091754494730316,37.011779293242405,82.33106013639183,2024-07-19,16
91,1961,3517,344.4754419653219,4.549331816889395,29.257890247369918,83.45180551606482,2024-07-19,16
92,2332,5184,312.6014286243512,2.9320987654320985,34.62577160493827,92.97839506172839,2024-07-19,16
93,1752,3924,392.8740420859701,3.4403669724770642,17.252803261977572,74.54128440366972,2024-07-19,16
94,1547,1902,561.0936770372281,21.451104100946374,21.92429022082019,38.380651945320714,2024-07-19,16
95,1261,1556,450.07398835908316,0.3213367609254499,20.629820051413883,54.88431876606684,2024-07-19,16
96,2543,3155,381.46971439825717,5.26148969889065,30.459587955625988,75.87955625990492,2024-07-19,16
97,1025,1066,577.2714335481935,0.0,0.0,31.801125703564725,2024-07-19,16
98,63,63,1351.8294678330644,0.0,0.0,0.0,2024-07-19,16
99,0,0,,,,,2024-07-19,16
100,188,350,2323.7366740179123,0.0,0.0,0.0,2024-07-19,16
101,635,668,1177.6199067863752,0.0,0.0,0.0,2024-07-19,16
102,0,0,,,,,2024-07-19,16
103,2089,2686,1847.7459706507477,0.0,0.0,0.0,2024-07-19,16
104,1751,2032,1604.5581014885563,0.0,0.0,0.0,2024-07-19,16
105,1555,1672,2085.2630433848744,0.0,0.0,0.0,2024-07-19,16
106,1029,1100,2857.0190342329106,0.0,0.0,0.0,2024-07-19,16
107,32,32,2225.3513276063345,0.0,0.0,0.0,2024-07-19,16
108,0,0,,,,,2024-07-19,16
109,943,999,760.7395143134336,0.0,0.0,0.0,2024-07-19,16
110,902,998,826.125952566327,0.0,0.0,0.0,2024-07-19,16
111,1114,1315,665.4508578157128,0.0,0.0,25.627376425855513,2024-07-19,16
112,1353,1484,717.6043566988455,0.0,0.0,0.9433962264150944,2024-07-19,16
113,145,334,699.3441330296827,0.0,0.0,6.287425149700598,2024-07-19,16
114,1589,2201,1027.8864144219942,0.0,0.0,0.0,2024-07-19,16
115,263,269,999.5466271955853,0.0,0.0,0.0,2024-07-19,16
116,46,62,270.81404833207205,27.419354838709676,48.38709677419355,100.0,2024-07-19,16
117,74,99,432.1280579665141,0.0,0.0,74.74747474747475,2024-07-19,16
118,53,68,746.5347808377136,0.0,0.0,0.0,2024-07-19,16
119,431,616,1342.1361613004074,0.0,0.0,0.0,2024-07-19,16
120,828,2075,1469.331905853658,0.0,0.0,0.0,2024-07-19,16
121,156,1249,1611.576511018916,0.0,0.0,0.0,2024-07-19,16
122,178,1002,1826.3128930027453,0.0,0.0,0.0,2024-07-19,16
123,2,2,807.5418786974999,0.0,0.0,0.0,2024-07-19,16
124,172,1505,1523.189281629196,0.0,0.0,0.0,2024-07-19,16
125,260,1342,1947.6674903936369,0.0,0.0,0.0,2024-07-19,16
126,717,2197,2340.702904519191,0.0,0.0,0.0,2024-07-19,16
127,0,0,,,,,2024-07-19,16
128,46,345,1635.144355485216,0.0,0.0,0.0,2024-07-19,16
129,1327,1569,934.8013541607448,0.0,0.0,0.0,2024-07-19,16
130,133,424,1355.0095853760122,0.0,0.0,0.0,2024-07-19,16
131,1087,2247,1565.7506513130725,0.0,0.0,0.0,2024-07-19,16
132,1066,3263,1756.3067368804889,0.0,0.0,0.0,2024-07-19,16
133,285,302,1002.5852489129961,0.0,0.0,0.0,2024-07-19,16
134,7,7,1857.8361539627447,0.0,0.0,0.0,2024-07-19,16
135,160,165,2487.427243002118,0.0,0.0,0.0,2024-07-19,16
136,4,4,1494.6281227601405,0.0,0.0,0.0,2024-07-19,16
137,299,299,2579.162935505664,0.0,0.0,0.0,2024-07-19,16
138,228,228,3318.998444668932,0.0,0.0,0.0,2024-07-19,16
139,552,564,2491.6535685404688,0.0,0.0,0.0,2024-07-19,16
140,92,92,1211.3698346367942,0.0,0.0,0.0,2024-07-19,16
141,309,309,2788.6357916089783,0.0,0.0,0.0,2024-07-19,16
142,191,193,3072.0195949161844,0.0,0.0,0.0,2024-07-19,16
143,526,526,2248.654609075252,0.0,0.0,0.0,2024-07-19,16
144,207,207,2004.621170026253,0.0,0.0,0.0,2024-07-19,16
145,2,2,2325.089000557885,0.0,0.0,0.0,2024-07-19,16
146,0,0,,,,,2024-07-19,16
147,38,38,1285.6400560155842,0.0,0.0,0.0,2024-07-19,16
148,447,476,659.855977618666,0.0,0.0,1.2605042016806722,2024-07-19,16
149,1380,1391,684.4656353832696,0.0,0.0,10.783608914450037,2024-07-19,16
150,945,945,1887.3217521938461,0.0,0.0,0.0,2024-07-19,16
151,34,34,854.2357277268457,0.0,0.0,0.0,2024-07-19,16
152,23,24,1320.60170964322,0.0,0.0,0.0,2024-07-19,16
153,60,60,2168.9538525577245,0.0,0.0,0.0,2024-07-19,16
154,122,122,1079.9532926908432,0.0,0.0,0.0,2024-07-19,16
155,624,624,688.8106630295866,0.0,0.0,4.166666666666666,2024-07-19,16
156,0,0,,,,,2024-07-19,16
157,0,0,,,,,2024-07-19,16
158,138,139,1320.5911842495036,0.0,0.0,0.0,2024-07-19,16
159,238,238,1177.3876899762286,0.0,0.0,0.0,2024-07-19,16
160,299,299,1413.1717911499184,0.0,0.0,0.0,2024-07-19,16
161,391,391,271.647955350669,3.8363171355498724,39.89769820971867,100.0,2024-07-19,16
162,315,315,611.7654717489477,0.0,0.0,24.444444444444443,2024-07-19,16
163,498,498,620.8134481978044,0.0,0.0,10.843373493975903,2024-07-19,16
164,527,527,875.9758417299139,0.0,0.0,0.0,2024-07-19,16
165,1111,1111,482.68234073463526,0.0,14.581458145814583,57.78577857785778,2024-07-19,16
166,1425,1425,1235.1425529293701,0.0,0.0,0.0,2024-07-19,16
167,1665,1729,1493.920815518561,0.0,0.0,0.0,2024-07-19,16
168,1154,1211,1438.9318889114331,0.0,0.0,0.0,2024-07-19,16
169,1200,1243,881.7517518113316,0.0,0.0,0.0,2024-07-19,16
170,2355,2411,984.2173348205467,0.0,0.0,0.0,2024-07-19,16
171,498,498,1017.542842590836,0.0,0.0,0.0,2024-07-19,16
172,1794,1794,898.4311043445632,0.0,0.0,3.511705685618729,2024-07-19,16
173,1583,1583,689.0790141071524,0.0,0.0,12.634238787113075,2024-07-19,16
174,1154,1187,1261.771360504838,0.0,0.0,0.0,2024-07-19,16
175,150,160,1134.6551917708919,0.0,0.0,0.0,2024-07-19,16
176,824,824,984.4901205012465,0.0,0.0,0.0,2024-07-19,16
177,1697,1697,1767.1422228121435,0.0,0.0,0.0,2024-07-19,16
178,1430,1430,1785.4366583275446,0.0,0.0,0.0,2024-07-19,16
179,646,646,2288.9947558537165,0.0,0.0,0.0,2024-07-19,16
180,611,611,2190.694516219413,0.0,0.0,0.0,2024-07-19,16
0,0,0,,,,,2024-07-19,17
1,1,1,2568.1078748651607,0.0,0.0,0.0,2024-07-19,17
2,0,0,,,,,2024-07-19,17
3,2265,4088,255.74709201178524,25.195694716242663,59.8825831702544,86.20352250489238,2024-07-19,17
4,316,662,286.57001320186083,0.4531722054380665,35.95166163141994,98.94259818731118,2024-07-19,17
5,478,676,765.8678834503912,0.0,18.34319526627219,25.443786982248522,2024-07-19,17
6,551,774,655.3694788733955,0.0,0.0,5.297157622739018,2024-07-19,17
7,604,1293,405.9896031744198,3.3255993812838365,25.135344160866204,64.96519721577727,2024-07-19,17
8,820,1803,506.476390386429,0.0,0.0,46.8663338879645,2024-07-19,17
9,1293,1758,935.2917391034382,0.0,0.0,0.0,2024-07-19,17
10,698,1136,842.2012942582502,0.0,0.0,10.387323943661972,2024-07-19,17
11,856,1084,288.52000700027975,13.376383763837637,39.11439114391143,93.35793357933579,2024-07-19,17
12,2030,3678,934.2933946212231,0.0,0.0,0.0,2024-07-19,17
13,302,455,569.0419603423111,0.0,0.0,20.659340659340657,2024-07-19,17
14,1033,1764,351.3493652484286,8.560090702947845,33.50340136054422,75.28344671201815,2024-07-19,17
15,1810,2948,562.0051064852992,0.0,1.797829036635007,36.329715061058344,2024-07-19,17
16,1846,3146,365.1398443545111,1.8753973299427844,20.62937062937063,84.13858868404323,2024-07-19,17
17,1167,2213,682.7931636970083,0.0,0.0,3.3438770899231813,2024-07-19,17
18,593,940,344.44981345934156,3.2978723404255317,27.659574468085108,81.27659574468085,2024-07-19,17
19,1646,2719,966.2146428437073,0.0,0.0,0.0,2024-07-19,17
20,3441,5180,416.00688951154274,2.722007722007722,29.034749034749037,62.04633204633204,2024-07-19,17
21,1224,2289,512.6440196097403,5.1550895587592835,17.169069462647442,40.89121887287025,2024-07-19,17
22,254,407,325.4821855610449,0.0,28.255528255528255,93.12039312039312,2024-07-19,17
23,785,1634,271.4136361754312,7.037943696450428,29.68176254589963,100.0,2024-07-19,17
24,1765,3033,428.8432586635088,2.90141773821299,29.244971974942302,65.31486976590834,2024-07-19,17
25,653,1107,692.6476686286076,0.0,0.0,5.691056910569105,2024-07-19,17
26,1323,3207,795.929389852053,0.0,0.0,1.5590894917368257,2024-07-19,17
27,1521,3433,415.42374962919735,1.398193999417419,18.78823186717157,66.55986018060005,2024-07-19,17
28,1773,2076,805.8315395874725,0.6262042389210019,5.491329479768786,26.83044315992293,2024-07-19,17
29,100,210,273.12419111301216,0.0,48.095238095238095,98.09523809523809,2024-07-19,17
30,1031,2968,461.17334652176885,0.0,11.691374663072777,58.55795148247979,2024-07-19,17
31,550,550,677.1558155707862,0.0,0.0,38.18181818181819,2024-07-19,17
32,655,1002,294.58876014547286,11.87624750499002,53.39321357285429,84.73053892215569,2024-07-19,17
33,2374,3319,783.3174374350575,4.097619764989455,16.239831274480267,47.454052425429346,2024-07-19,17
34,157,201,624.4813692422725,0.0,0.0,0.9950248756218906,2024-07-19,17
35,3724,5534,354.93340132253275,4.8608601373328515,28.966389591615467,79.45428261655222,2024-07-19,17
36,1596,2997,282.57293336229117,7.340674007340674,44.37771104437771,97.16383049716383,2024-07-19,17
37,346,1194,294.40805206214424,0.0,22.529313232830823,100.0,2024-07-19,17
38,2317,3640,519.2693238987534,0.0,0.8791208791208791,44.83516483516484,2024-07-19,17
39,844,1995,492.60328959402136,10.025062656641603,15.037593984962406,40.6015037593985,2024-07-19,17
40,401,1166,377.75169828053845,0.0,24.78559176672384,69.55403087478558,2024-07-19,17
41,687,2180,222.21184073951434,10.825688073394495,59.22018348623853,100.0,2024-07-19,17
42,2008,3202,335.6641541749293,4.62211118051218,24.45346658338538,95.19050593379139,2024-07-19,17
43,643,1314,333.67808774837397,1.750380517503805,22.526636225266362,94.29223744292237,2024-07-19,17
44,1650,3794,231.6509782640923,10.463890353189246,58.22351080653664,99.68371112282551,2024-07-19,17
45,3476,6025,276.9511988537558,6.390041493775933,40.6804979253112,98.19087136929461,2024-07-19,17
46,2039,3491,595.4248568696639,0.0,7.79146376396448,38.155256373531934,2024-07-19,17
47,2382,4047,413.8479497859994,5.06548060291574,27.501853224610823,67.0867309117865,2024-07-19,17
48,3976,7160,1092.7936513314019,0.0,0.0,0.0,2024-07-19,17
49,676,1187,702.7201015881403,0.0,0.0,15.164279696714406,2024-07-19,17
50,135,420,491.9610805711218,0.0,27.857142857142858,46.666666666666664,2024-07-19,17
51,853,2982,667.4492486018333,0.0,1.4419852448021462,29.912810194500334,2024-07-19,17
52,538,1590,245.45437938473827,10.817610062893083,50.44025157232704,99.87421383647799,2024-07-19,17
53,285,377,1144.7089695994887,0.0,0.0,0.5305039787798408,2024-07-19,17
54,1292,3880,344.94574699257566,3.556701030927835,30.103092783505154,82.91237113402062,2024-07-19,17
55,1020,3067,357.83003185713113,0.0,16.432996413433322,84.61036843821323,2024-07-19,17
56,1406,2495,407.81676583998205,4.569138276553106,20.240480961923847,71.9438877755511,2024-07-19,17
57,2196,5249,357.4260139774574,4.705658220613451,33.77786244999047,74.45227662411888,2024-07-19,17
58,2027,4649,143.75367189435488,28.242632824263282,92.53602925360292,100.0,2024-07-19,17
59,314,576,109.88750811771608,49.13194444444444,100.0,100.0,2024-07-19,17
60,1030,1918,197.33448575512642,20.38581856100104,63.138686131386855,100.0,2024-07-19,17
61,2298,4746,651.1855837438009,0.0,2.2545301306363252,20.01685630004214,2024-07-19,17
62,1313,1907,478.0658173272928,0.0,12.952281069743051,54.74567383324593,2024-07-19,17
63,1146,2455,213.72316353167503,4.887983706720977,66.55804480651732,100.0,2024-07-19,17
64,2284,4458,193.29189869193382,38.76177658142665,71.62404665769402,91.67788245850157,2024-07-19,17
65,3004,6050,422.50248585563094,3.008264462809917,21.25619834710744,64.26446280991736,2024-07-19,17
66,2169,4253,509.7181016833319,0.0,1.4577944980014106,47.002116153303554,2024-07-19,17
67,1225,2632,554.2485640080253,0.0,5.813069908814589,38.183890577507604,2024-07-19,17
68,921,1801,559.7844731342418,0.0,0.0,26.65186007773459,2024-07-19,17
69,1057,1853,376.0342080336912,4.155423637344846,11.76470588235294,86.77819751753913,2024-07-19,17
70,1369,2573,394.90795290334006,1.2436844150796735,11.69840652934318,81.84998056743102,2024-07-19,17
71,1514,3024,414.61397022272337,0.0,7.771164021164021,72.78439153439153,2024-07-19,17
72,846,2081,271.8239796963538,3.0754444978375783,41.56655454108601,100.0,2024-07-19,17
73,1409,3470,311.6220143219432,2.420749279538905,30.547550432276655,96.68587896253602,2024-07-19,17
74,3542,8463,431.6855462537264,3.6157390996100673,22.332506203473944,58.85619756587499,2024-07-19,17
75,1467,3612,390.2349305112315,1.8549280177187155,15.337763012181615,79.9280177187154,2024-07-19,17
76,1232,3420,475.0701410725518,3.625730994152047,14.269005847953217,51.11111111111111,2024-07-19,17
77,1757,4759,789.1995458722683,0.0,0.0,5.778524900189115,2024-07-19,17
78,474,943,851.1257423535121,13.57370095440085,13.891834570519618,27.67762460233298,2024-07-19,17
79,959,3124,289.52811417249796,8.25864276568502,36.93982074263765,99.8719590268886,2024-07-19,17
80,1903,3627,597.2488823325195,0.0,1.8748276812792941,24.95175075820237,2024-07-19,17
81,1180,3537,469.84299448025416,1.4984450098953916,6.361323155216285,56.54509471303364,2024-07-19,17
82,11,101,146.72399224190454,0.0,99.00990099009901,99.00990099009901,2024-07-19,17
83,900,1763,584.92468281543,0.0,2.7226318774815654,26.602382302892796,2024-07-19,17
84,1296,3323,311.8691676004824,8.245561239843514,37.13511886849233,86.45801986157086,2024-07-19,17
85,1112,3224,367.6275221225738,5.303970223325062,32.59925558312655,72.98387096774194,2024-07-19,17
86,1164,2420,526.5107614225666,0.0,0.0,39.710743801652896,2024-07-19,17
87,1011,1723,400.76149283413844,0.0,23.50551363900174,68.6012768427162,2024-07-19,17
88,831,3238,341.0524022785726,0.0,30.543545398394073,90.30265596046942,2024-07-19,17
89,1762,3735,508.81908327377465,4.551539491298527,14.67202141900937,29.852744310575634,2024-07-19,17
90,1350,1613,410.3780960317335,0.0,15.995040297582145,69.435833849969,2024-07-19,17
91,1961,3517,656.2746844343278,0.0,0.0,10.036963321012227,2024-07-19,17
92,2332,5184,312.6014286243512,2.9320987654320985,34.62577160493827,92.97839506172839,2024-07-19,17
93,1752,3924,392.8740420859701,3.4403669724770642,17.252803261977572,74.54128440366972,2024-07-19,17
94,1547,1902,561.0936770372281,21.451104100946374,21.92429022082019,38.380651945320714,2024-07-19,17
95,1261,1556,450.07398835908316,0.3213367609254499,20.629820051413883,54.88431876606684,2024-07-19,17
96,2543,3155,381.46971439825717,5.26148969889065,30.459587955625988,75.87955625990492,2024-07-19,17
97,1025,1066,577.2714335481935,0.0,0.0,31.801125703564725,2024-07-19,17
98,63,63,1351.8294678330644,0.0,0.0,0.0,2024-07-19,17
99,0,0,,,,,2024-07-19,17
100,188,350,2323.7366740179123,0.0,0.0,0.0,2024-07-19,17
101,635,668,1177.6199067863752,0.0,0.0,0.0,2024-07-19,17
102,0,0,,,,,2024-07-19,17
103,2089,2686,1847.7459706507477,0.0,0.0,0.0,2024-07-19,17
104,1751,2032,1604.5581014885563,0.0,0.0,0.0,2024-07-19,17
105,1555,1672,2085.2630433848744,0.0,0.0,0.0,2024-07-19,17
106,1029,1100,2857.0190342329106,0.0,0.0,0.0,2024-07-19,17
107,32,32,2225.3513276063345,0.0,0.0,0.0,2024-07-19,17
108,0,0,,,,,2024-07-19,17
109,943,999,760.7395143134336,0.0,0.0,0.0,2024-07-19,17
110,902,998,826.125952566327,0.0,0.0,0.0,2024-07-19,17
111,1114,1315,665.4508578157128,0.0,0.0,25.627376425855513,2024-07-19,17
112,1353,1484,717.6043566988455,0.0,0.0,0.9433962264150944,2024-07-19,17
113,145,334,699.3441330296827,0.0,0.0,6.287425149700598,2024-07-19,17
114,1589,2201,1027.8864144219942,0.0,0.0,0.0,2024-07-19,17
115,263,269,999.5466271955853,0.0,0.0,0.0,2024-07-19,17
116,46,62,270.81404833207205,27.419354838709676,48.38709677419355,100.0,2024-07-19,17
117,74,99,432.1280579665141,0.0,0.0,74.74747474747475,2024-07-19,17
118,53,68,931.5161181519007,0.0,0.0,0.0,2024-07-19,17
119,431,616,1404.0172029336227,0.0,0.0,0.0,2024-07-19,17
120,828,2075,1549.5055971099437,0.0,0.0,0.0,2024-07-19,17
121,156,1249,1623.7377933346793,0.0,0.0,0.0,2024-07-19,17
122,178,1002,1921.0398650445911,0.0,0.0,0.0,2024-07-19,17
123,2,2,807.5418786974999,0.0,0.0,0.0,2024-07-19,17
124,172,1505,1523.6480110650014,0.0,0.0,0.0,2024-07-19,17
125,260,1342,1966.8405948616842,0.0,0.0,0.0,2024-07-19,17
126,717,2197,2344.036818975688,0.0,0.0,0.0,2024-07-19,17
127,0,0,,,,,2024-07-19,17
128,46,345,1635.144355485216,0.0,0.0,0.0,2024-07-19,17
129,1327,1569,934.8013541607448,0.0,0.0,0.0,2024-07-19,17
130,133,424,1355.0095853760122,0.0,0.0,0.0,2024-07-19,17
131,1087,2247,1565.7506513130725,0.0,0.0,0.0,2024-07-19,17
132,1066,3263,1756.3067368804889,0.0,0.0,0.0,2024-07-19,17
133,285,302,1002.5852489129961,0.0,0.0,0.0,2024-07-19,17
134,7,7,1857.8361539627447,0.0,0.0,0.0,2024-07-19,17
135,160,165,2487.427243002118,0.0,0.0,0.0,2024-07-19,17
136,4,4,1494.6281227601405,0.0,0.0,0.0,2024-07-19,17
137,299,299,2579.162935505664,0.0,0.0,0.0,2024-07-19,17
138,228,228,3318.998444668932,0.0,0.0,0.0,2024-07-19,17
139,552,564,2491.6535685404688,0.0,0.0,0.0,2024-07-19,17
140,92,92,1211.3698346367942,0.0,0.0,0.0,2024-07-19,17
141,309,309,2788.6357916089783,0.0,0.0,0.0,2024-07-19,17
142,191,193,3072.0195949161844,0.0,0.0,0.0,2024-07-19,17
143,526,526,2248.654609075252,0.0,0.0,0.0,2024-07-19,17
144,207,207,2004.621170026253,0.0,0.0,0.0,2024-07-19,17
145,2,2,2325.089000557885,0.0,0.0,0.0,2024-07-19,17
146,0,0,,,,,2024-07-19,17
147,38,38,1285.6400560155842,0.0,0.0,0.0,2024-07-19,17
148,447,476,659.855977618666,0.0,0.0,1.2605042016806722,2024-07-19,17
149,1380,1391,684.4656353832696,0.0,0.0,10.783608914450037,2024-07-19,17
150,945,945,1887.3217521938461,0.0,0.0,0.0,2024-07-19,17
151,34,34,854.2357277268457,0.0,0.0,0.0,2024-07-19,17
152,23,24,1320.60170964322,0.0,0.0,0.0,2024-07-19,17
153,60,60,2168.9538525577245,0.0,0.0,0.0,2024-07-19,17
154,122,122,1079.9532926908432,0.0,0.0,0.0,2024-07-19,17
155,624,624,688.8106630295866,0.0,0.0,4.166666666666666,2024-07-19,17
156,0,0,,,,,2024-07-19,17
157,0,0,,,,,2024-07-19,17
158,138,139,1320.5911842495036,0.0,0.0,0.0,2024-07-19,17
159,238,238,1177.3876899762286,0.0,0.0,0.0,2024-07-19,17
160,299,299,1413.1717911499184,0.0,0.0,0.0,2024-07-19,17
161,391,391,271.647955350669,3.8363171355498724,39.89769820971867,100.0,2024-07-19,17
162,315,315,611.7654717489477,0.0,0.0,24.444444444444443,2024-07-19,17
163,498,498,620.8134481978044,0.0,0.0,10.843373493975903,2024-07-19,17
164,527,527,875.9758417299139,0.0,0.0,0.0,2024-07-19,17
165,1111,1111,482.68234073463526,0.0,14.581458145814583,57.78577857785778,2024-07-19,17
166,1425,1425,1235.1425529293701,0.0,0.0,0.0,2024-07-19,17
167,1665,1729,1502.6293595333627,0.0,0.0,0.0,2024-07-19,17
168,1154,1211,1439.5922286190314,0.0,0.0,0.0,2024-07-19,17
169,1200,1243,881.7517518113316,0.0,0.0,0.0,2024-07-19,17
170,2355,2411,1024.8188085379188,0.0,0.0,0.0,2024-07-19,17
171,498,498,1255.3413433314627,0.0,0.0,0.0,2024-07-19,17
172,1794,1794,932.456692065543,0.0,0.0,0.0,2024-07-19,17
173,1583,1583,1025.7952409019917,0.0,0.0,0.0,2024-07-19,17
174,1154,1187,1261.771360504838,0.0,0.0,0.0,2024-07-19,17
175,150,160,1134.6551917708919,0.0,0.0,0.0,2024-07-19,17
176,824,824,984.4901205012465,0.0,0.0,0.0,2024-07-19,17
177,1697,1697,1767.1422228121435,0.0,0.0,0.0,2024-07-19,17
178,1430,1430,1785.4366583275446,0.0,0.0,0.0,2024-07-19,17
179,646,646,2288.9947558537165,0.0,0.0,0.0,2024-07-19,17
180,611,611,2190.694516219413,0.0,0.0,0.0,2024-07-19,17
0,0,0,,,,,2024-07-19,18
1,1,1,2568.1078748651607,0.0,0.0,0.0,2024-07-19,18
2,0,0,,,,,2024-07-19,18
3,2265,4088,255.74709201178524,25.195694716242663,59.8825831702544,86.20352250489238,2024-07-19,18
4,316,662,286.57001320186083,0.4531722054380665,35.95166163141994,98.94259818731118,2024-07-19,18
5,478,676,765.8678834503912,0.0,18.34319526627219,25.443786982248522,2024-07-19,18
6,551,774,668.0783056940695,0.0,0.0,5.297157622739018,2024-07-19,18
7,604,1293,1027.9593645681075,0.0,0.0,0.0,2024-07-19,18
8,820,1803,506.690985212056,0.0,0.0,46.8663338879645,2024-07-19,18
9,1293,1758,967.44648107246,0.0,0.0,0.0,2024-07-19,18
10,698,1136,1128.9822601142619,0.0,0.0,0.0,2024-07-19,18
11,856,1084,955.1555289746901,0.0,0.0,0.0,2024-07-19,18
12,2030,3678,908.3103741960193,0.0,0.0,0.0,2024-07-19,18
13,302,455,569.0419603423111,0.0,0.0,20.659340659340657,2024-07-19,18
14,1033,1764,347.2597897184044,8.560090702947845,35.544217687074834,75.28344671201815,2024-07-19,18
15,1810,2948,573.5061211482439,0.23744911804613297,10.41383989145183,35.719131614654,2024-07-19,18
16,1846,3146,365.1398443545111,1.8753973299427844,20.62937062937063,84.13858868404323,2024-07-19,18
17,1167,2213,682.7931636970083,0.0,0.0,3.3438770899231813,2024-07-19,18
18,593,940,344.44981345934156,3.2978723404255317,27.659574468085108,81.27659574468085,2024-07-19,18
19,1646,2719,980.0605270864244,0.0,0.0,0.0,2024-07-19,18
20,3441,5180,416.02805738530776,2.722007722007722,29.034749034749037,62.04633204633204,2024-07-19,18
21,1224,2289,509.1526080848011,5.1550895587592835,17.169069462647442,40.89121887287025,2024-07-19,18
22,254,407,325.4821855610449,0.0,28.255528255528255,93.12039312039312,2024-07-19,18
23,785,1634,271.4136361754312,7.037943696450428,29.68176254589963,100.0,2024-07-19,18
24,1765,3033,438.68376852017644,2.70359380151665,22.782723376195186,65.31486976590834,2024-07-19,18
25,653,1107,692.6476686286076,0.0,0.0,5.691056910569105,2024-07-19,18
26,1323,3207,807.7804381877772,0.0,0.0,1.5590894917368257,2024-07-19,18
27,1521,3433,526.8103719419313,0.0,7.602679871832217,40.343722691523446,2024-07-19,18
28,1773,2076,806.2752224956173,0.6262042389210019,5.491329479768786,26.83044315992293,2024-07-19,18
29,100,210,273.12419111301216,0.0,48.095238095238095,98.09523809523809,2024-07-19,18
30,1031,2968,461.17334652176885,0.0,11.691374663072777,58.55795148247979,2024-07-19,18
31,550,550,677.1558155707862,0.0,0.0,38.18181818181819,2024-07-19,18
32,655,1002,294.58876014547286,11.87624750499002,53.39321357285429,84.73053892215569,2024-07-19,18
33,2374,3319,783.3174374350575,4.097619764989455,16.239831274480267,47.454052425429346,2024-07-19,18
34,157,201,624.4813692422725,0.0,0.0,0.9950248756218906,2024-07-19,18
35,3724,5534,354.93340132253275,4.8608601373328515,28.966389591615467,79.45428261655222,2024-07-19,18
36,1596,2997,282.57293336229117,7.340674007340674,44.37771104437771,97.16383049716383,2024-07-19,18
37,346,1194,294.40805206214424,0.0,22.529313232830823,100.0,2024-07-19,18
38,2317,3640,519.2693238987534,0.0,0.8791208791208791,44.83516483516484,2024-07-19,18
39,844,1995,492.60328959402136,10.025062656641603,15.037593984962406,40.6015037593985,2024-07-19,18
40,401,1166,377.75169828053845,0.0,24.78559176672384,69.55403087478558,2024-07-19,18
41,687,2180,222.21184073951434,10.825688073394495,59.22018348623853,100.0,2024-07-19,18
42,2008,3202,335.6641541749293,4.62211118051218,24.45346658338538,95.19050593379139,2024-07-19,18
43,643,1314,333.67808774837397,1.750380517503805,22.526636225266362,94.29223744292237,2024-07-19,18
44,1650,3794,231.6509782640923,10.463890353189246,58.22351080653664,99.68371112282551,2024-07-19,18
45,3476,6025,308.7068195397793,4.24896265560166,31.983402489626556,94.09128630705395,2024-07-19,18
46,2039,3491,595.4248568696639,0.0,7.79146376396448,38.155256373531934,2024-07-19,18
47,2382,4047,427.7945264689022,4.694835680751173,21.49740548554485,66.96318260439831,2024-07-19,18
48,3976,7160,790.0736648954646,0.0,0.0,4.259776536312849,2024-07-19,18
49,676,1187,653.7217731039209,0.0,0.0,16.090985678180285,2024-07-19,18
50,135,420,307.75858865631335,23.333333333333332,64.76190476190476,83.33333333333334,2024-07-19,18
51,853,2982,667.4492486018333,0.0,1.4419852448021462,29.912810194500334,2024-07-19,18
52,538,1590,245.45437938473827,10.817610062893083,50.44025157232704,99.87421383647799,2024-07-19,18
53,285,377,1144.7089695994887,0.0,0.0,0.5305039787798408,2024-07-19,18
54,1292,3880,344.94574699257566,3.556701030927835,30.103092783505154,82.91237113402062,2024-07-19,18
55,1020,3067,328.29184759471315,0.0,26.703619171829153,89.89240299967395,2024-07-19,18
56,1406,2495,402.34796188974565,4.569138276553106,20.240480961923847,71.9438877755511,2024-07-19,18
57,2196,5249,357.4260139774574,4.705658220613451,33.77786244999047,74.45227662411888,2024-07-19,18
58,2027,4649,145.9290178142072,27.274682727468274,92.53602925360292,100.0,2024-07-19,18
59,314,576,109.88750811771608,49.13194444444444,100.0,100.0,2024-07-19,18
60,1030,1918,187.882911337067,20.38581856100104,69.91657977059437,100.0,2024-07-19,18
61,2298,4746,503.089748002502,1.4959966287399917,11.588706278971765,49.97892962494732,2024-07-19,18
62,1313,1907,300.6784838336135,3.1463030938647085,40.01048767697955,91.8720503408495,2024-07-19,18
63,1146,2455,187.96287028356474,13.849287169042771,73.03462321792261,100.0,2024-07-19,18
64,2284,4458,224.76248051997447,19.89681471511889,65.1637505607896,91.67788245850157,2024-07-19,18
65,3004,6050,422.50248585563094,3.008264462809917,21.25619834710744,64.26446280991736,2024-07-19,18
66,2169,4253,509.7181016833319,0.0,1.4577944980014106,47.002116153303554,2024-07-19,18
67,1225,2632,554.2485640080253,0.0,5.813069908814589,38.183890577507604,2024-07-19,18
68,921,1801,559.7844731342418,0.0,0.0,26.65186007773459,2024-07-19,18
69,1057,1853,376.0342080336912,4.155423637344846,11.76470588235294,86.77819751753913,2024-07-19,18
70,1369,2573,394.90795290334006,1.2436844150796735,11.69840652934318,81.84998056743102,2024-07-19,18
71,1514,3024,414.61397022272337,0.0,7.771164021164021,72.78439153439153,2024-07-19,18
72,846,2081,271.8239796963538,3.0754444978375783,41.56655454108601,100.0,2024-07-19,18
73,1409,3470,311.6220143219432,2.420749279538905,30.547550432276655,96.68587896253602,2024-07-19,18
74,3542,8463,431.6855462537264,3.6157390996100673,22.332506203473944,58.85619756587499,2024-07-19,18
75,1467,3612,390.2349305112315,1.8549280177187155,15.337763012181615,79.9280177187154,2024-07-19,18
76,1232,3420,475.0701410725518,3.625730994152047,14.269005847953217,51.11111111111111,2024-07-19,18
77,1757,4759,789.1995458722683,0.0,0.0,5.778524900189115,2024-07-19,18
78,474,943,851.1257423535121,13.57370095440085,13.891834570519618,27.67762460233298,2024-07-19,18
79,959,3124,289.52811417249796,8.25864276568502,36.93982074263765,99.8719590268886,2024-07-19,18
80,1903,3627,597.2488823325195,0.0,1.8748276812792941,24.95175075820237,2024-07-19,18
81,1180,3537,469.84299448025416,1.4984450098953916,6.361323155216285,56.54509471303364,2024-07-19,18
82,11,101,146.72399224190454,0.0,99.00990099009901,99.00990099009901,2024-07-19,18
83,900,1763,584.92468281543,0.0,2.7226318774815654,26.602382302892796,2024-07-19,18
84,1296,3323,311.8691676004824,8.245561239843514,37.13511886849233,86.45801986157086,2024-07-19,18
85,1112,3224,367.6275221225738,5.303970223325062,32.59925558312655,72.98387096774194,2024-07-19,18
86,1164,2420,526.5107614225666,0.0,0.0,39.710743801652896,2024-07-19,18
87,1011,1723,400.76149283413844,0.0,23.50551363900174,68.6012768427162,2024-07-19,18
88,831,3238,341.0524022785726,0.0,30.543545398394073,90.30265596046942,2024-07-19,18
89,1762,3735,508.81908327377465,4.551539491298527,14.67202141900937,29.852744310575634,2024-07-19,18
90,1350,1613,410.3780960317335,0.0,15.995040297582145,69.435833849969,2024-07-19,18
91,1961,3517,656.2746844343278,0.0,0.0,10.036963321012227,2024-07-19,18
92,2332,5184,312.6014286243512,2.9320987654320985,34.62577160493827,92.97839506172839,2024-07-19,18
93,1752,3924,392.8740420859701,3.4403669724770642,17.252803261977572,74.54128440366972,2024-07-19,18
94,1547,1902,561.0936770372281,21.451104100946374,21.92429022082019,38.380651945320714,2024-07-19,18
95,1261,1556,450.07398835908316,0.3213367609254499,20.629820051413883,54.88431876606684,2024-07-19,18
96,2543,3155,381.46971439825717,5.26148969889065,30.459587955625988,75.87955625990492,2024-07-19,18
97,1025,1066,577.2714335481935,0.0,0.0,31.801125703564725,2024-07-19,18
98,63,63,1351.8294678330644,0.0,0.0,0.0,2024-07-19,18
99,0,0,,,,,2024-07-19,18
100,188,350,2323.7366740179123,0.0,0.0,0.0,2024-07-19,18
101,635,668,1177.6199067863752,0.0,0.0,0.0,2024-07-19,18
102,0,0,,,,,2024-07-19,18
103,2089,2686,1847.7459706507477,0.0,0.0,0.0,2024-07-19,18
104,1751,2032,1604.5581014885563,0.0,0.0,0.0,2024-07-19,18
105,1555,1672,2085.2630433848744,0.0,0.0,0.0,2024-07-19,18
106,1029,1100,2857.0190342329106,0.0,0.0,0.0,2024-07-19,18
107,32,32,2225.3513276063345,0.0,0.0,0.0,2024-07-19,18
108,0,0,,,,,2024-07-19,18
109,943,999,760.7395143134336,0.0,0.0,0.0,2024-07-19,18
110,902,998,826.125952566327,0.0,0.0,0.0,2024-07-19,18
111,1114,1315,665.4508578157128,0.0,0.0,25.627376425855513,2024-07-19,18
112,1353,1484,717.6043566988455,0.0,0.0,0.9433962264150944,2024-07-19,18
113,145,334,699.3441330296827,0.0,0.0,6.287425149700598,2024-07-19,18
114,1589,2201,1027.8864144219942,0.0,0.0,0.0,2024-07-19,18
115,263,269,999.5466271955853,0.0,0.0,0.0,2024-07-19,18
116,46,62,270.81404833207205,27.419354838709676,48.38709677419355,100.0,2024-07-19,18
117,74,99,432.1280579665141,0.0,0.0,74.74747474747475,2024-07-19,18
118,53,68,931.5161181519007,0.0,0.0,0.0,2024-07-19,18
119,431,616,1404.0172029336227,0.0,0.0,0.0,2024-07-19,18
120,828,2075,1549.5055971099437,0.0,0.0,0.0,2024-07-19,18
121,156,1249,1623.7377933346793,0.0,0.0,0.0,2024-07-19,18
122,178,1002,1921.0398650445911,0.0,0.0,0.0,2024-07-19,18
123,2,2,807.5418786974999,0.0,0.0,0.0,2024-07-19,18
124,172,1505,1523.6480110650014,0.0,0.0,0.0,2024-07-19,18
125,260,1342,1966.8405948616842,0.0,0.0,0.0,2024-07-19,18
126,717,2197,2344.036818975688,0.0,0.0,0.0,2024-07-19,18
127,0,0,,,,,2024-07-19,18
128,46,345,1635.144355485216,0.0,0.0,0.0,2024-07-19,18
129,1327,1569,934.8013541607448,0.0,0.0,0.0,2024-07-19,18
130,133,424,1355.0095853760122,0.0,0.0,0.0,2024-07-19,18
131,1087,2247,1565.7506513130725,0.0,0.0,0.0,2024-07-19,18
132,1066,3263,1756.3067368804889,0.0,0.0,0.0,2024-07-19,18
133,285,302,1002.5852489129961,0.0,0.0,0.0,2024-07-19,18
134,7,7,1857.8361539627447,0.0,0.0,0.0,2024-07-19,18
135,160,165,2487.427243002118,0.0,0.0,0.0,2024-07-19,18
136,4,4,1494.6281227601405,0.0,0.0,0.0,2024-07-19,18
137,299,299,2579.162935505664,0.0,0.0,0.0,2024-07-19,18
138,228,228,3318.998444668932,0.0,0.0,0.0,2024-07-19,18
139,552,564,2491.6535685404688,0.0,0.0,0.0,2024-07-19,18
140,92,92,1259.2761639295916,0.0,0.0,0.0,2024-07-19,18
141,309,309,2788.6357916089783,0.0,0.0,0.0,2024-07-19,18
142,191,193,3072.0195949161844,0.0,0.0,0.0,2024-07-19,18
143,526,526,2248.654609075252,0.0,0.0,0.0,2024-07-19,18
144,207,207,2004.621170026253,0.0,0.0,0.0,2024-07-19,18
145,2,2,2325.089000557885,0.0,0.0,0.0,2024-07-19,18
146,0,0,,,,,2024-07-19,18
147,38,38,1285.6400560155842,0.0,0.0,0.0,2024-07-19,18
148,447,476,659.855977618666,0.0,0.0,1.2605042016806722,2024-07-19,18
149,1380,1391,684.4656353832696,0.0,0.0,10.783608914450037,2024-07-19,18
150,945,945,1887.3217521938461,0.0,0.0,0.0,2024-07-19,18
151,34,34,854.2357277268457,0.0,0.0,0.0,2024-07-19,18
152,23,24,1320.60170964322,0.0,0.0,0.0,2024-07-19,18
153,60,60,2168.9538525577245,0.0,0.0,0.0,2024-07-19,18
154,122,122,1079.9532926908432,0.0,0.0,0.0,2024-07-19,18
155,624,624,688.8106630295866,0.0,0.0,4.166666666666666,2024-07-19,18
156,0,0,,,,,2024-07-19,18
157,0,0,,,,,2024-07-19,18
158,138,139,1320.5911842495036,0.0,0.0,0.0,2024-07-19,18
159,238,238,1177.3876899762286,0.0,0.0,0.0,2024-07-19,18
160,299,299,1413.1717911499184,0.0,0.0,0.0,2024-07-19,18
161,391,391,271.647955350669,3.8363171355498724,39.89769820971867,100.0,2024-07-19,18
162,315,315,611.7654717489477,0.0,0.0,24.444444444444443,2024-07-19,18
163,498,498,620.8134481978044,0.0,0.0,10.843373493975903,2024-07-19,18
164,527,527,875.9758417299139,0.0,0.0,0.0,2024-07-19,18
165,1111,1111,482.68234073463526,0.0,14.581458145814583,57.78577857785778,2024-07-19,18
166,1425,1425,1235.1425529293701,0.0,0.0,0.0,2024-07-19,18
167,1665,1729,1502.6293595333627,0.0,0.0,0.0,2024-07-19,18
168,1154,1211,1439.5922286190314,0.0,0.0,0.0,2024-07-19,18
169,1200,1243,881.7517518113316,0.0,0.0,0.0,2024-07-19,18
170,2355,2411,1024.8188085379188,0.0,0.0,0.0,2024-07-19,18
171,498,498,1255.3413433314627,0.0,0.0,0.0,2024-07-19,18
172,1794,1794,932.456692065543,0.0,0.0,0.0,2024-07-19,18
173,1583,1583,1025.7952409019917,0.0,0.0,0.0,2024-07-19,18
174,1154,1187,1261.771360504838,0.0,0.0,0.0,2024-07-19,18
175,150,160,1134.6551917708919,0.0,0.0,0.0,2024-07-19,18
176,824,824,984.4901205012465,0.0,0.0,0.0,2024-07-19,18
177,1697,1697,1767.1422228121435,0.0,0.0,0.0,2024-07-19,18
178,1430,1430,1785.4366583275446,0.0,0.0,0.0,2024-07-19,18
179,646,646,2288.9947558537165,0.0,0.0,0.0,2024-07-19,18
180,611,611,2190.694516219413,0.0,0.0,0.0,2024-07-19,18
0,0,0,,,,,2024-07-19,19
1,1,1,2568.1078748651607,0.0,0.0,0.0,2024-07-19,19
2,0,0,,,,,2024-07-19,19
3,2265,4088,272.6447474521928,20.91487279843444,56.18884540117417,84.56457925636008,2024-07-19,19
4,316,662,338.57083890759105,0.4531722054380665,35.95166163141994,73.56495468277946,2024-07-19,19
5,478,676,765.9147114926495,0.0,18.34319526627219,25.443786982248522,2024-07-19,19
6,551,774,668.0783056940695,0.0,0.0,5.297157622739018,2024-07-19,19
7,604,1293,1050.6847199472124,0.0,0.0,0.0,2024-07-19,19
8,820,1803,245.3161689573784,12.146422628951747,49.19578480310594,98.89073765945646,2024-07-19,19
9,1293,1758,794.5231546190365,0.0,0.0,6.370875995449373,2024-07-19,19
10,698,1136,1057.2861114999148,0.0,0.0,0.0,2024-07-19,19
11,856,1084,971.1850996613952,0.0,0.0,0.0,2024-07-19,19
12,2030,3678,907.1498113011297,0.0,0.0,0.0,2024-07-19,19
13,302,455,569.0419603423111,0.0,0.0,20.659340659340657,2024-07-19,19
14,1033,1764,347.2597897184044,8.560090702947845,35.544217687074834,75.28344671201815,2024-07-19,19
15,1810,2948,573.5061211482439,0.23744911804613297,10.41383989145183,35.719131614654,2024-07-19,19
16,1846,3146,296.4856619036053,4.100445009535918,36.71328671328671,96.37635092180547,2024-07-19,19
17,1167,2213,662.0989594501173,0.0,0.0,10.167193854496158,2024-07-19,19
18,593,940,452.9874844959543,0.0,12.02127659574468,52.02127659574468,2024-07-19,19
19,1646,2719,980.0605270864244,0.0,0.0,0.0,2024-07-19,19
20,3441,5180,416.02805738530776,2.722007722007722,29.034749034749037,62.04633204633204,2024-07-19,19
21,1224,2289,509.1526080848011,5.1550895587592835,17.169069462647442,40.89121887287025,2024-07-19,19
22,254,407,228.483808210269,8.845208845208845,63.882063882063875,95.0859950859951,2024-07-19,19
23,785,1634,207.5562080242741,14.443084455324357,64.87148102815178,100.0,2024-07-19,19
24,1765,3033,255.54618520430128,8.704253214638971,52.68710847345862,96.63699307616221,2024-07-19,19
25,653,1107,692.6476686286076,0.0,0.0,5.691056910569105,2024-07-19,19
26,1323,3207,883.2387158096129,0.0,0.0,0.0,2024-07-19,19
27,1521,3433,416.1544664505635,1.398193999417419,18.78823186717157,66.41421497232741,2024-07-19,19
28,1773,2076,808.0589495996907,0.6262042389210019,5.491329479768786,26.83044315992293,2024-07-19,19
29,100,210,273.12419111301216,0.0,48.095238095238095,98.09523809523809,2024-07-19,19
30,1031,2968,461.17334652176885,0.0,11.691374663072777,58.55795148247979,2024-07-19,19
31,550,550,677.1772489278928,0.0,0.0,38.18181818181819,2024-07-19,19
32,655,1002,294.58876014547286,11.87624750499002,53.39321357285429,84.73053892215569,2024-07-19,19
33,2374,3319,1002.0696338282796,0.0,0.030129557095510694,9.701717384754444,2024-07-19,19
34,157,201,625.181669977129,0.0,0.0,0.9950248756218906,2024-07-19,19
35,3724,5534,415.4033876515418,4.029634983736899,22.35272858691724,66.84134441633537,2024-07-19,19
36,1596,2997,284.18174284987987,7.340674007340674,42.34234234234234,97.16383049716383,2024-07-19,19
37,346,1194,294.40805206214424,0.0,22.529313232830823,100.0,2024-07-19,19
38,2317,3640,519.2693238987534,0.0,0.8791208791208791,44.83516483516484,2024-07-19,19
39,844,1995,492.60328959402136,10.025062656641603,15.037593984962406,40.6015037593985,2024-07-19,19
40,401,1166,377.75169828053845,0.0,24.78559176672384,69.55403087478558,2024-07-19,19
41,687,2180,222.21184073951434,10.825688073394495,59.22018348623853,100.0,2024-07-19,19
42,2008,3202,338.80381126429666,4.62211118051218,24.45346658338538,93.8163647720175,2024-07-19,19
43,643,1314,333.67808774837397,1.750380517503805,22.526636225266362,94.29223744292237,2024-07-19,19
44,1650,3794,374.8077628087131,3.16288877174486,29.810226673695304,68.92461781760674,2024-07-19,19
45,3476,6025,321.29059988965145,7.203319502074688,31.950207468879665,90.57261410788382,2024-07-19,19
46,2039,3491,776.5052544418706,0.0,0.0,0.0,2024-07-19,19
47,2382,4047,516.3832822578355,0.37064492216456635,7.561156412157153,45.317519149987646,2024-07-19,19
48,3976,7160,700.0803879422034,0.0,0.0,5.335195530726257,2024-07-19,19
49,676,1187,653.7217731039209,0.0,0.0,16.090985678180285,2024-07-19,19
50,135,420,340.7753515908954,23.333333333333332,38.57142857142858,83.33333333333334,2024-07-19,19
51,853,2982,667.4492486018333,0.0,1.4419852448021462,29.912810194500334,2024-07-19,19
52,538,1590,245.45437938473827,10.817610062893083,50.44025157232704,99.87421383647799,2024-07-19,19
53,285,377,1144.7089695994887,0.0,0.0,0.5305039787798408,2024-07-19,19
54,1292,3880,344.94574699257566,3.556701030927835,30.103092783505154,82.91237113402062,2024-07-19,19
55,1020,3067,306.08823173052986,0.0,32.344310401043366,98.17411150961853,2024-07-19,19
56,1406,2495,354.1217657855527,11.58316633266533,36.032064128256515,71.66332665330661,2024-07-19,19
57,2196,5249,435.4130351871886,3.6578395884930464,20.689655172413794,60.81158315869689,2024-07-19,19
58,2027,4649,165.014124551378,25.70445257044526,82.25424822542482,100.0,2024-07-19,19
59,314,576,109.88750811771608,49.13194444444444,100.0,100.0,2024-07-19,19
60,1030,1918,187.3384166677068,21.063607924921794,69.91657977059437,100.0,2024-07-19,19
61,2298,4746,366.8473710026676,4.171934260429835,25.663716814159294,75.53729456384323,2024-07-19,19
62,1313,1907,299.00147791719513,4.195070791819612,40.11536444677504,91.8720503408495,2024-07-19,19
63,1146,2455,186.36678448195966,16.171079429735236,73.03462321792261,100.0,2024-07-19,19
64,2284,4458,202.35182331263462,18.528488111260653,69.06684611933602,97.59982054733064,2024-07-19,19
65,3004,6050,422.2396880947678,3.008264462809917,21.25619834710744,64.26446280991736,2024-07-19,19
66,2169,4253,523.0401566120496,0.0,0.0,45.63837291323771,2024-07-19,19
67,1225,2632,554.2485640080253,0.0,5.813069908814589,38.183890577507604,2024-07-19,19
68,921,1801,561.8303098281447,0.0,0.0,26.65186007773459,2024-07-19,19
69,1057,1853,376.0342080336912,4.155423637344846,11.76470588235294,86.77819751753913,2024-07-19,19
70,1369,2573,394.90795290334006,1.2436844150796735,11.69840652934318,81.84998056743102,2024-07-19,19
71,1514,3024,366.61232104998066,0.8267195767195766,19.17989417989418,81.11772486772487,2024-07-19,19
72,846,2081,239.21266252872064,3.8923594425756844,61.172513214800574,100.0,2024-07-19,19
73,1409,3470,311.6220143219432,2.420749279538905,30.547550432276655,96.68587896253602,2024-07-19,19
74,3542,8463,428.60647790667537,3.6157390996100673,22.332506203473944,58.85619756587499,2024-07-19,19
75,1467,3612,390.2349305112315,1.8549280177187155,15.337763012181615,79.9280177187154,2024-07-19,19
76,1232,3420,475.0701410725518,3.625730994152047,14.269005847953217,51.11111111111111,2024-07-19,19
77,1757,4759,789.1995458722683,0.0,0.0,5.778524900189115,2024-07-19,19
78,474,943,851.1257423535121,13.57370095440085,13.891834570519618,27.67762460233298,2024-07-19,19
79,959,3124,289.52811417249796,8.25864276568502,36.93982074263765,99.8719590268886,2024-07-19,19
80,1903,3627,597.2488823325195,0.0,1.8748276812792941,24.95175075820237,2024-07-19,19
81,1180,3537,469.84299448025416,1.4984450098953916,6.361323155216285,56.54509471303364,2024-07-19,19
82,11,101,146.72399224190454,0.0,99.00990099009901,99.00990099009901,2024-07-19,19
83,900,1763,584.92468281543,0.0,2.7226318774815654,26.602382302892796,2024-07-19,19
84,1296,3323,311.8691676004824,8.245561239843514,37.13511886849233,86.45801986157086,2024-07-19,19
85,1112,3224,367.6275221225738,5.303970223325062,32.59925558312655,72.98387096774194,2024-07-19,19
86,1164,2420,526.5107614225666,0.0,0.0,39.710743801652896,2024-07-19,19
87,1011,1723,400.76149283413844,0.0,23.50551363900174,68.6012768427162,2024-07-19,19
88,831,3238,341.0524022785726,0.0,30.543545398394073,90.30265596046942,2024-07-19,19
89,1762,3735,508.81908327377465,4.551539491298527,14.67202141900937,29.852744310575634,2024-07-19,19
90,1350,1613,410.3780960317335,0.0,15.995040297582145,69.435833849969,2024-07-19,19
91,1961,3517,656.2746844343278,0.0,0.0,10.036963321012227,2024-07-19,19
92,2332,5184,312.6014286243512,2.9320987654320985,34.62577160493827,92.97839506172839,2024-07-19,19
93,1752,3924,392.8740420859701,3.4403669724770642,17.252803261977572,74.54128440366972,2024-07-19,19
94,1547,1902,561.0936770372281,21.451104100946374,21.92429022082019,38.380651945320714,2024-07-19,19
95,1261,1556,450.07398835908316,0.3213367609254499,20.629820051413883,54.88431876606684,2024-07-19,19
96,2543,3155,381.46971439825717,5.26148969889065,30.459587955625988,75.87955625990492,2024-07-19,19
97,1025,1066,577.2714335481935,0.0,0.0,31.801125703564725,2024-07-19,19
98,63,63,1351.8294678330644,0.0,0.0,0.0,2024-07-19,19
99,0,0,,,,,2024-07-19,19
100,188,350,2323.7366740179123,0.0,0.0,0.0,2024-07-19,19
101,635,668,1177.6199067863752,0.0,0.0,0.0,2024-07-19,19
102,0,0,,,,,2024-07-19,19
103,2089,2686,1847.7459706507477,0.0,0.0,0.0,2024-07-19,19
104,1751,2032,1604.5581014885563,0.0,0.0,0.0,2024-07-19,19
105,1555,1672,2085.2630433848744,0.0,0.0,0.0,2024-07-19,19
106,1029,1100,2857.0190342329106,0.0,0.0,0.0,2024-07-19,19
107,32,32,2225.3513276063345,0.0,0.0,0.0,2024-07-19,19
108,0,0,,,,,2024-07-19,19
109,943,999,760.7395143134336,0.0,0.0,0.0,2024-07-19,19
110,902,998,826.125952566327,0.0,0.0,0.0,2024-07-19,19
111,1114,1315,665.4508578157128,0.0,0.0,25.627376425855513,2024-07-19,19
112,1353,1484,717.6043566988455,0.0,0.0,0.9433962264150944,2024-07-19,19
113,145,334,699.3441330296827,0.0,0.0,6.287425149700598,2024-07-19,19
114,1589,2201,1027.8864144219942,0.0,0.0,0.0,2024-07-19,19
115,263,269,999.5466271955853,0.0,0.0,0.0,2024-07-19,19
116,46,62,270.81404833207205,27.419354838709676,48.38709677419355,100.0,2024-07-19,19
117,74,99,432.1280579665141,0.0,0.0,74.74747474747475,2024-07-19,19
118,53,68,931.5161181519007,0.0,0.0,0.0,2024-07-19,19
119,431,616,1404.0172029336227,0.0,0.0,0.0,2024-07-19,19
120,828,2075,1549.5055971099437,0.0,0.0,0.0,2024-07-19,19
121,156,1249,1623.7377933346793,0.0,0.0,0.0,2024-07-19,19
122,178,1002,1921.0398650445911,0.0,0.0,0.0,2024-07-19,19
123,2,2,807.5418786974999,0.0,0.0,0.0,2024-07-19,19
124,172,1505,1523.6480110650014,0.0,0.0,0.0,2024-07-19,19
125,260,1342,1966.8405948616842,0.0,0.0,0.0,2024-07-19,19
126,717,2197,2344.036818975688,0.0,0.0,0.0,2024-07-19,19
127,0,0,,,,,2024-07-19,19
128,46,345,1635.144355485216,0.0,0.0,0.0,2024-07-19,19
129,1327,1569,934.8013541607448,0.0,0.0,0.0,2024-07-19,19
130,133,424,1355.0095853760122,0.0,0.0,0.0,2024-07-19,19
131,1087,2247,1565.7506513130725,0.0,0.0,0.0,2024-07-19,19
132,1066,3263,1756.3067368804889,0.0,0.0,0.0,2024-07-19,19
133,285,302,1002.5852489129961,0.0,0.0,0.0,2024-07-19,19
134,7,7,1857.8361539627447,0.0,0.0,0.0,2024-07-19,19
135,160,165,2487.427243002118,0.0,0.0,0.0,2024-07-19,19
136,4,4,1494.6281227601405,0.0,0.0,0.0,2024-07-19,19
137,299,299,2579.162935505664,0.0,0.0,0.0,2024-07-19,19
138,228,228,3318.998444668932,0.0,0.0,0.0,2024-07-19,19
139,552,564,2491.6535685404688,0.0,0.0,0.0,2024-07-19,19
140,92,92,1143.0520771819126,0.0,0.0,0.0,2024-07-19,19
141,309,309,2788.6357916089783,0.0,0.0,0.0,2024-07-19,19
142,191,193,3072.0195949161844,0.0,0.0,0.0,2024-07-19,19
143,526,526,2248.654609075252,0.0,0.0,0.0,2024-07-19,19
144,207,207,2004.5741952344283,0.0,0.0,0.0,2024-07-19,19
145,2,2,2325.089000557885,0.0,0.0,0.0,2024-07-19,19
146,0,0,,,,,2024-07-19,19
147,38,38,1285.6400560155842,0.0,0.0,0.0,2024-07-19,19
148,447,476,659.855977618666,0.0,0.0,1.2605042016806722,2024-07-19,19
149,1380,1391,684.4656353832696,0.0,0.0,10.783608914450037,2024-07-19,19
150,945,945,1887.3217521938461,0.0,0.0,0.0,2024-07-19,19
151,34,34,854.2357277268457,0.0,0.0,0.0,2024-07-19,19
152,23,24,1320.60170964322,0.0,0.0,0.0,2024-07-19,19
153,60,60,2168.9538525577245,0.0,0.0,0.0,2024-07-19,19
154,122,122,1079.9532926908432,0.0,0.0,0.0,2024-07-19,19
155,624,624,688.8106630295866,0.0,0.0,4.166666666666666,2024-07-19,19
156,0,0,,,,,2024-07-19,19
157,0,0,,,,,2024-07-19,19
158,138,139,1320.5911842495036,0.0,0.0,0.0,2024-07-19,19
159,238,238,1177.3876899762286,0.0,0.0,0.0,2024-07-19,19
160,299,299,1413.1717911499184,0.0,0.0,0.0,2024-07-19,19
161,391,391,271.647955350669,3.8363171355498724,39.89769820971867,100.0,2024-07-19,19
162,315,315,611.7654717489477,0.0,0.0,24.444444444444443,2024-07-19,19
163,498,498,620.8134481978044,0.0,0.0,10.843373493975903,2024-07-19,19
164,527,527,875.9758417299139,0.0,0.0,0.0,2024-07-19,19
165,1111,1111,482.68234073463526,0.0,14.581458145814583,57.78577857785778,2024-07-19,19
166,1425,1425,1235.1425529293701,0.0,0.0,0.0,2024-07-19,19
167,1665,1729,1502.6293595333627,0.0,0.0,0.0,2024-07-19,19
168,1154,1211,1439.5922286190314,0.0,0.0,0.0,2024-07-19,19
169,1200,1243,881.7517518113316,0.0,0.0,0.0,2024-07-19,19
170,2355,2411,1028.1737554159356,0.0,0.0,0.0,2024-07-19,19
171,498,498,1264.2853648627797,0.0,0.0,0.0,2024-07-19,19
172,1794,1794,932.456692065543,0.0,0.0,0.0,2024-07-19,19
173,1583,1583,1028.4189989682366,0.0,0.0,0.0,2024-07-19,19
174,1154,1187,1261.771360504838,0.0,0.0,0.0,2024-07-19,19
175,150,160,1134.6551917708919,0.0,0.0,0.0,2024-07-19,19
176,824,824,984.4901205012465,0.0,0.0,0.0,2024-07-19,19
177,1697,1697,1767.1422228121435,0.0,0.0,0.0,2024-07-19,19
178,1430,1430,1785.4366583275446,0.0,0.0,0.0,2024-07-19,19
179,646,646,2288.9947558537165,0.0,0.0,0.0,2024-07-19,19
180,611,611,2190.694516219413,0.0,0.0,0.0,2024-07-19,19
0,0,0,,,,,2024-07-19,20
1,1,1,2568.1078748651607,0.0,0.0,0.0,2024-07-19,20
2,0,0,,,,,2024-07-19,20
3,2265,4088,281.5704786016786,19.765166340508806,51.394324853228966,84.56457925636008,2024-07-19,20
4,316,662,338.57083890759105,0.4531722054380665,35.95166163141994,73.56495468277946,2024-07-19,20
5,478,676,746.9036883114358,0.0,18.34319526627219,25.443786982248522,2024-07-19,20
6,551,774,331.07091487472064,0.0,30.103359173126616,91.98966408268734,2024-07-19,20
7,604,1293,405.9896031744198,3.3255993812838365,25.135344160866204,64.96519721577727,2024-07-19,20
8,820,1803,200.52901672929957,16.638935108153078,68.71880199667221,100.0,2024-07-19,20
9,1293,1758,481.50761789373354,4.778156996587031,12.343572241183162,55.23321956769056,2024-07-19,20
10,698,1136,619.0645674256588,0.0,0.0,26.496478873239436,2024-07-19,20
11,856,1084,288.3908241078854,13.376383763837637,39.11439114391143,93.35793357933579,2024-07-19,20
12,2030,3678,713.4421202982023,0.0,0.3262642740619902,13.920609026644915,2024-07-19,20
13,302,455,534.480150907043,0.0,0.0,20.659340659340657,2024-07-19,20
14,1033,1764,193.74188422675826,12.925170068027212,75.96371882086169,100.0,2024-07-19,20
15,1810,2948,281.9634669318002,4.375848032564451,39.41655359565807,100.0,2024-07-19,20
16,1846,3146,269.6912967315154,6.993006993006993,47.234583598219956,97.55244755244755,2024-07-19,20
17,1167,2213,337.80111627154315,6.642566651604158,31.857207410754633,83.00948938093087,2024-07-19,20
18,593,940,432.8617090250722,0.0,12.02127659574468,60.63829787234043,2024-07-19,20
19,1646,2719,738.4550635375174,0.0,0.0,17.8742184626701,2024-07-19,20
20,3441,5180,338.04891611436585,2.722007722007722,31.40926640926641,84.72972972972973,2024-07-19,20
21,1224,2289,331.38583806856883,5.548274355613805,26.56181738750546,95.54390563564876,2024-07-19,20
22,254,407,319.75928303771536,0.0,28.255528255528255,93.12039312039312,2024-07-19,20
23,785,1634,211.74141510266497,14.443084455324357,61.99510403916769,100.0,2024-07-19,20
24,1765,3033,366.1144625271937,5.044510385756676,38.5426969996703,74.31585888559182,2024-07-19,20
25,653,1107,692.6476686286076,0.0,0.0,5.691056910569105,2024-07-19,20
26,1323,3207,667.1328697602224,0.0,1.028999064546305,19.145618958528217,2024-07-19,20
27,1521,3433,388.2285495997662,1.398193999417419,20.419458199825225,75.70637926012235,2024-07-19,20
28,1773,2076,787.7639728885266,0.6262042389210019,5.491329479768786,26.83044315992293,2024-07-19,20
29,100,210,273.12419111301216,0.0,48.095238095238095,98.09523809523809,2024-07-19,20
30,1031,2968,461.17334652176885,0.0,11.691374663072777,58.55795148247979,2024-07-19,20
31,550,550,677.1772489278928,0.0,0.0,38.18181818181819,2024-07-19,20
32,655,1002,294.58876014547286,11.87624750499002,53.39321357285429,84.73053892215569,2024-07-19,20
33,2374,3319,1002.0696338282796,0.0,0.030129557095510694,9.701717384754444,2024-07-19,20
34,157,201,625.181669977129,0.0,0.0,0.9950248756218906,2024-07-19,20
35,3724,5534,415.4033876515418,4.029634983736899,22.35272858691724,66.84134441633537,2024-07-19,20
36,1596,2997,284.18174284987987,7.340674007340674,42.34234234234234,97.16383049716383,2024-07-19,20
37,346,1194,294.40805206214424,0.0,22.529313232830823,100.0,2024-07-19,20
38,2317,3640,519.2693238987534,0.0,0.8791208791208791,44.83516483516484,2024-07-19,20
39,844,1995,492.60328959402136,10.025062656641603,15.037593984962406,40.6015037593985,2024-07-19,20
40,401,1166,377.75169828053845,0.0,24.78559176672384,69.55403087478558,2024-07-19,20
41,687,2180,222.21184073951434,10.825688073394495,59.22018348623853,100.0,2024-07-19,20
42,2008,3202,337.8620120913353,4.62211118051218,24.45346658338538,93.8163647720175,2024-07-19,20
43,643,1314,330.6135514774951,1.750380517503805,22.526636225266362,97.86910197869102,2024-07-19,20
44,1650,3794,272.98908154850545,5.508697944122298,47.153400105429625,92.93621507643648,2024-07-19,20
45,3476,6025,275.0217063197976,9.510373443983402,48.13278008298755,92.16597510373444,2024-07-19,20
46,2039,3491,780.6554444342322,0.0,0.0,0.0,2024-07-19,20
47,2382,4047,542.2507582671963,0.37064492216456635,7.561156412157153,42.52532740301458,2024-07-19,20
48,3976,7160,676.9635433859668,0.0,0.0,23.743016759776538,2024-07-19,20
49,676,1187,248.3791717039734,1.6849199663016006,57.96124684077506,93.51305812973884,2024-07-19,20
50,135,420,340.7753515908954,23.333333333333332,38.57142857142858,83.33333333333334,2024-07-19,20
51,853,2982,667.4492486018333,0.0,1.4419852448021462,29.912810194500334,2024-07-19,20
52,538,1590,245.45437938473827,10.817610062893083,50.44025157232704,99.87421383647799,2024-07-19,20
53,285,377,1144.7089695994887,0.0,0.0,0.5305039787798408,2024-07-19,20
54,1292,3880,344.94574699257566,3.556701030927835,30.103092783505154,82.91237113402062,2024-07-19,20
55,1020,3067,353.2627553435735,0.0,15.911313987610043,97.91327029670688,2024-07-19,20
56,1406,2495,354.1217657855527,11.58316633266533,36.032064128256515,71.66332665330661,2024-07-19,20
57,2196,5249,435.4130351871886,3.6578395884930464,20.689655172413794,60.81158315869689,2024-07-19,20
58,2027,4649,164.1700053250479,25.70445257044526,82.25424822542482,100.0,2024-07-19,20
59,314,576,109.72777632045546,49.13194444444444,100.0,100.0,2024-07-19,20
60,1030,1918,157.42275501707525,32.22106360792492,78.88425443169969,100.0,2024-07-19,20
61,2298,4746,368.58053925237726,4.530130636325326,26.738305941845763,75.03160556257902,2024-07-19,20
62,1313,1907,222.3202953409059,14.15836392239119,58.049292081803884,100.0,2024-07-19,20
63,1146,2455,183.144341248241,16.171079429735236,75.56008146639512,100.0,2024-07-19,20
64,2284,4458,177.6922457078479,25.88604755495738,79.36294302377748,97.59982054733064,2024-07-19,20
65,3004,6050,442.37220877911295,1.371900826446281,18.03305785123967,61.98347107438017,2024-07-19,20
66,2169,4253,533.4156375977972,0.0,0.0,41.14742534681402,2024-07-19,20
67,1225,2632,556.6882309105921,0.0,5.813069908814589,38.183890577507604,2024-07-19,20
68,921,1801,561.8303098281447,0.0,0.0,26.65186007773459,2024-07-19,20
69,1057,1853,376.0342080336912,4.155423637344846,11.76470588235294,86.77819751753913,2024-07-19,20
70,1369,2573,394.9672961599851,1.2436844150796735,11.69840652934318,81.61678973960358,2024-07-19,20
71,1514,3024,321.5708957299251,0.8267195767195766,19.17989417989418,100.0,2024-07-19,20
72,846,2081,239.21266252872064,3.8923594425756844,61.172513214800574,100.0,2024-07-19,20
73,1409,3470,311.6220143219432,2.420749279538905,30.547550432276655,96.68587896253602,2024-07-19,20
74,3542,8463,272.8308182310088,5.730828311473473,42.73898144865887,96.14793808342196,2024-07-19,20
75,1467,3612,390.2349305112315,1.8549280177187155,15.337763012181615,79.9280177187154,2024-07-19,20
76,1232,3420,475.0701410725518,3.625730994152047,14.269005847953217,51.11111111111111,2024-07-19,20
77,1757,4759,789.1995458722683,0.0,0.0,5.778524900189115,2024-07-19,20
78,474,943,851.1257423535121,13.57370095440085,13.891834570519618,27.67762460233298,2024-07-19,20
79,959,3124,289.52811417249796,8.25864276568502,36.93982074263765,99.8719590268886,2024-07-19,20
80,1903,3627,597.2488823325195,0.0,1.8748276812792941,24.95175075820237,2024-07-19,20
81,1180,3537,469.84299448025416,1.4984450098953916,6.361323155216285,56.54509471303364,2024-07-19,20
82,11,101,146.72399224190454,0.0,99.00990099009901,99.00990099009901,2024-07-19,20
83,900,1763,985.8033192539108,0.0,0.0,0.0,2024-07-19,20
84,1296,3323,311.8691676004824,8.245561239843514,37.13511886849233,86.45801986157086,2024-07-19,20
85,1112,3224,588.2788912897852,3.4429280397022333,13.089330024813894,33.71588089330025,2024-07-19,20
86,1164,2420,526.5107614225666,0.0,0.0,39.710743801652896,2024-07-19,20
87,1011,1723,414.1766185260406,0.0,23.50551363900174,67.61462565293094,2024-07-19,20
88,831,3238,341.0524022785726,0.0,30.543545398394073,90.30265596046942,2024-07-19,20
89,1762,3735,601.270906007301,4.551539491298527,14.67202141900937,27.443105756358772,2024-07-19,20
90,1350,1613,1299.6929236481567,0.0,0.0,0.0,2024-07-19,20
91,1961,3517,926.39867049376,0.0,0.0,1.2510662496445835,2024-07-19,20
92,2332,5184,312.6014286243512,2.9320987654320985,34.62577160493827,92.97839506172839,2024-07-19,20
93,1752,3924,392.8740420859701,3.4403669724770642,17.252803261977572,74.54128440366972,2024-07-19,20
94,1547,1902,561.0936770372281,21.451104100946374,21.92429022082019,38.380651945320714,2024-07-19,20
95,1261,1556,450.07398835908316,0.3213367609254499,20.629820051413883,54.88431876606684,2024-07-19,20
96,2543,3155,381.46971439825717,5.26148969889065,30.459587955625988,75.87955625990492,2024-07-19,20
97,1025,1066,577.2714335481935,0.0,0.0,31.801125703564725,2024-07-19,20
98,63,63,1351.8294678330644,0.0,0.0,0.0,2024-07-19,20
99,0,0,,,,,2024-07-19,20
100,188,350,2323.7366740179123,0.0,0.0,0.0,2024-07-19,20
101,635,668,1177.6199067863752,0.0,0.0,0.0,2024-07-19,20
102,0,0,,,,,2024-07-19,20
103,2089,2686,1847.7459706507477,0.0,0.0,0.0,2024-07-19,20
104,1751,2032,1604.5581014885563,0.0,0.0,0.0,2024-07-19,20
105,1555,1672,2085.2630433848744,0.0,0.0,0.0,2024-07-19,20
106,1029,1100,2857.0190342329106,0.0,0.0,0.0,2024-07-19,20
107,32,32,2225.3513276063345,0.0,0.0,0.0,2024-07-19,20
108,0,0,,,,,2024-07-19,20
109,943,999,760.7395143134336,0.0,0.0,0.0,2024-07-19,20
110,902,998,826.125952566327,0.0,0.0,0.0,2024-07-19,20
111,1114,1315,665.4508578157128,0.0,0.0,25.627376425855513,2024-07-19,20
112,1353,1484,717.6043566988455,0.0,0.0,0.9433962264150944,2024-07-19,20
113,145,334,699.3441330296827,0.0,0.0,6.287425149700598,2024-07-19,20
114,1589,2201,1027.8864144219942,0.0,0.0,0.0,2024-07-19,20
115,263,269,999.5466271955853,0.0,0.0,0.0,2024-07-19,20
116,46,62,270.81404833207205,27.419354838709676,48.38709677419355,100.0,2024-07-19,20
117,74,99,432.1280579665141,0.0,0.0,74.74747474747475,2024-07-19,20
118,53,68,1441.659738785103,0.0,0.0,0.0,2024-07-19,20
119,431,616,1916.944411932452,0.0,0.0,0.0,2024-07-19,20
120,828,2075,1636.3494444252367,0.0,0.0,0.0,2024-07-19,20
121,156,1249,1623.7377933346793,0.0,0.0,0.0,2024-07-19,20
122,178,1002,2202.229210279777,0.0,0.0,0.0,2024-07-19,20
123,2,2,1287.8732486633194,0.0,0.0,0.0,2024-07-19,20
124,172,1505,1683.1270715102078,0.0,0.0,0.0,2024-07-19,20
125,260,1342,2132.642702278107,0.0,0.0,0.0,2024-07-19,20
126,717,2197,2346.55396765263,0.0,0.0,0.0,2024-07-19,20
127,0,0,,,,,2024-07-19,20
128,46,345,1635.144355485216,0.0,0.0,0.0,2024-07-19,20
129,1327,1569,934.8013541607448,0.0,0.0,0.0,2024-07-19,20
130,133,424,1355.0095853760122,0.0,0.0,0.0,2024-07-19,20
131,1087,2247,1565.7506513130725,0.0,0.0,0.0,2024-07-19,20
132,1066,3263,1756.3067368804889,0.0,0.0,0.0,2024-07-19,20
133,285,302,1002.5852489129961,0.0,0.0,0.0,2024-07-19,20
134,7,7,1857.8361539627447,0.0,0.0,0.0,2024-07-19,20
135,160,165,2487.427243002118,0.0,0.0,0.0,2024-07-19,20
136,4,4,1494.6281227601405,0.0,0.0,0.0,2024-07-19,20
137,299,299,2579.162935505664,0.0,0.0,0.0,2024-07-19,20
138,228,228,3318.998444668932,0.0,0.0,0.0,2024-07-19,20
139,552,564,2491.6535685404688,0.0,0.0,0.0,2024-07-19,20
140,92,92,1127.4885664046055,0.0,0.0,0.0,2024-07-19,20
141,309,309,2788.6357916089783,0.0,0.0,0.0,2024-07-19,20
142,191,193,3072.0195949161844,0.0,0.0,0.0,2024-07-19,20
143,526,526,2248.654609075252,0.0,0.0,0.0,2024-07-19,20
144,207,207,2004.5741952344283,0.0,0.0,0.0,2024-07-19,20
145,2,2,2325.089000557885,0.0,0.0,0.0,2024-07-19,20
146,0,0,,,,,2024-07-19,20
147,38,38,1285.6400560155842,0.0,0.0,0.0,2024-07-19,20
148,447,476,659.855977618666,0.0,0.0,1.2605042016806722,2024-07-19,20
149,1380,1391,684.4656353832696,0.0,0.0,10.783608914450037,2024-07-19,20
150,945,945,1887.3217521938461,0.0,0.0,0.0,2024-07-19,20
151,34,34,854.2357277268457,0.0,0.0,0.0,2024-07-19,20
152,23,24,1320.60170964322,0.0,0.0,0.0,2024-07-19,20
153,60,60,2168.9538525577245,0.0,0.0,0.0,2024-07-19,20
154,122,122,1079.9532926908432,0.0,0.0,0.0,2024-07-19,20
155,624,624,688.8106630295866,0.0,0.0,4.166666666666666,2024-07-19,20
156,0,0,,,,,2024-07-19,20
157,0,0,,,,,2024-07-19,20
158,138,139,1320.5911842495036,0.0,0.0,0.0,2024-07-19,20
159,238,238,1177.3876899762286,0.0,0.0,0.0,2024-07-19,20
160,299,299,1413.1717911499184,0.0,0.0,0.0,2024-07-19,20
161,391,391,271.647955350669,3.8363171355498724,39.89769820971867,100.0,2024-07-19,20
162,315,315,611.7654717489477,0.0,0.0,24.444444444444443,2024-07-19,20
163,498,498,620.8134481978044,0.0,0.0,10.843373493975903,2024-07-19,20
164,527,527,875.9758417299139,0.0,0.0,0.0,2024-07-19,20
165,1111,1111,482.68234073463526,0.0,14.581458145814583,57.78577857785778,2024-07-19,20
166,1425,1425,1235.1425529293701,0.0,0.0,0.0,2024-07-19,20
167,1665,1729,1502.6293595333627,0.0,0.0,0.0,2024-07-19,20
168,1154,1211,1439.5922286190314,0.0,0.0,0.0,2024-07-19,20
169,1200,1243,881.7517518113316,0.0,0.0,0.0,2024-07-19,20
170,2355,2411,1028.1737554159356,0.0,0.0,0.0,2024-07-19,20
171,498,498,1264.2853648627797,0.0,0.0,0.0,2024-07-19,20
172,1794,1794,932.456692065543,0.0,0.0,0.0,2024-07-19,20
173,1583,1583,1028.4189989682366,0.0,0.0,0.0,2024-07-19,20
174,1154,1187,1261.771360504838,0.0,0.0,0.0,2024-07-19,20
175,150,160,1134.6551917708919,0.0,0.0,0.0,2024-07-19,20
176,824,824,984.4901205012465,0.0,0.0,0.0,2024-07-19,20
177,1697,1697,1767.1422228121435,0.0,0.0,0.0,2024-07-19,20
178,1430,1430,1785.4366583275446,0.0,0.0,0.0,2024-07-19,20
179,646,646,2288.9947558537165,0.0,0.0,0.0,2024-07-19,20
180,611,611,2190.694516219413,0.0,0.0,0.0,2024-07-19,20
0,0,0,,,,,2024-07-19,21
1,1,1,2568.1078748651607,0.0,0.0,0.0,2024-07-19,21
2,0,0,,,,,2024-07-19,21
3,2265,4088,213.7017676243911,26.981409001956948,67.49021526418787,93.4931506849315,2024-07-19,21
4,316,662,285.6382289229948,0.4531722054380665,35.95166163141994,98.94259818731118,2024-07-19,21
5,478,676,738.8629786533386,0.0,18.34319526627219,25.443786982248522,2024-07-19,21
6,551,774,331.07091487472064,0.0,30.103359173126616,91.98966408268734,2024-07-19,21
7,604,1293,405.9896031744198,3.3255993812838365,25.135344160866204,64.96519721577727,2024-07-19,21
8,820,1803,200.52901672929957,16.638935108153078,68.71880199667221,100.0,2024-07-19,21
9,1293,1758,481.50761789373354,4.778156996587031,12.343572241183162,55.23321956769056,2024-07-19,21
10,698,1136,619.0645674256588,0.0,0.0,26.496478873239436,2024-07-19,21
11,856,1084,288.3908241078854,13.376383763837637,39.11439114391143,93.35793357933579,2024-07-19,21
12,2030,3678,638.9380334113422,0.0,0.3262642740619902,16.666666666666664,2024-07-19,21
13,302,455,569.0344333249334,0.0,0.0,20.659340659340657,2024-07-19,21
14,1033,1764,239.750312767037,5.895691609977324,52.66439909297053,100.0,2024-07-19,21
15,1810,2948,287.6285703631278,4.375848032564451,39.41655359565807,100.0,2024-07-19,21
16,1846,3146,308.91255603540054,6.8022886204704385,36.71328671328671,94.97774952320407,2024-07-19,21
17,1167,2213,482.80013186316006,0.0,8.404880253050157,53.230908269317666,2024-07-19,21
18,593,940,345.0595412107102,3.2978723404255317,25.957446808510635,83.29787234042553,2024-07-19,21
19,1646,2719,682.0982777488107,0.0,0.0,17.8742184626701,2024-07-19,21
20,3441,5180,261.0404343334656,5.424710424710424,51.27413127413127,96.6023166023166,2024-07-19,21
21,1224,2289,343.88095870807183,5.548274355613805,26.56181738750546,91.30624726955003,2024-07-19,21
22,254,407,307.828639178853,0.0,28.255528255528255,94.34889434889435,2024-07-19,21
23,785,1634,271.4136361754312,7.037943696450428,29.68176254589963,100.0,2024-07-19,21
24,1765,3033,381.02492051793513,2.90141773821299,29.244971974942302,71.28255852291461,2024-07-19,21
25,653,1107,610.4777648420228,0.0,0.0,5.691056910569105,2024-07-19,21
26,1323,3207,514.2177234612715,1.3719987527284068,8.325537885874649,44.43405051449953,2024-07-19,21
27,1521,3433,245.55827856885418,8.476551121468104,47.45120885522866,100.0,2024-07-19,21
28,1773,2076,404.6786782495389,1.348747591522158,13.342967244701349,72.54335260115607,2024-07-19,21
29,100,210,273.12419111301216,0.0,48.095238095238095,98.09523809523809,2024-07-19,21
30,1031,2968,461.17334652176885,0.0,11.691374663072777,58.55795148247979,2024-07-19,21
31,550,550,677.1772489278928,0.0,0.0,38.18181818181819,2024-07-19,21
32,655,1002,294.58876014547286,11.87624750499002,53.39321357285429,84.73053892215569,2024-07-19,21
33,2374,3319,1002.0696338282796,0.0,0.030129557095510694,9.701717384754444,2024-07-19,21
34,157,201,625.181669977129,0.0,0.0,0.9950248756218906,2024-07-19,21
35,3724,5534,415.4033876515418,4.029634983736899,22.35272858691724,66.84134441633537,2024-07-19,21
36,1596,2997,284.18174284987987,7.340674007340674,42.34234234234234,97.16383049716383,2024-07-19,21
37,346,1194,294.40805206214424,0.0,22.529313232830823,100.0,2024-07-19,21
38,2317,3640,519.2693238987534,0.0,0.8791208791208791,44.83516483516484,2024-07-19,21
39,844,1995,492.60328959402136,10.025062656641603,15.037593984962406,40.6015037593985,2024-07-19,21
40,401,1166,377.75169828053845,0.0,24.78559176672384,69.55403087478558,2024-07-19,21
41,687,2180,222.21184073951434,10.825688073394495,59.22018348623853,100.0,2024-07-19,21
42,2008,3202,337.8620120913353,4.62211118051218,24.45346658338538,93.8163647720175,2024-07-19,21
43,643,1314,330.6135514774951,1.750380517503805,22.526636225266362,97.86910197869102,2024-07-19,21
44,1650,3794,333.2039694153681,2.345809172377438,24.85503426462836,92.17185028993147,2024-07-19,21
45,3476,6025,296.46314548459736,6.821576763485478,40.09958506224066,90.53941908713693,2024-07-19,21
46,2039,3491,765.5519967273707,0.0,0.0,0.0,2024-07-19,21
47,2382,4047,531.2998165602035,0.37064492216456635,7.561156412157153,42.52532740301458,2024-07-19,21
48,3976,7160,359.7415763796397,7.877094972067039,35.04189944134078,73.18435754189943,2024-07-19,21
49,676,1187,215.1943353612418,2.864363942712721,67.98652064026959,100.0,2024-07-19,21
50,135,420,435.48245391748287,23.333333333333332,36.904761904761905,50.95238095238095,2024-07-19,21
51,853,2982,667.4492486018333,0.0,1.4419852448021462,29.912810194500334,2024-07-19,21
52,538,1590,245.45437938473827,10.817610062893083,50.44025157232704,99.87421383647799,2024-07-19,21
53,285,377,1144.7089695994887,0.0,0.0,0.5305039787798408,2024-07-19,21
54,1292,3880,344.94574699257566,3.556701030927835,30.103092783505154,82.91237113402062,2024-07-19,21
55,1020,3067,248.7881535567137,10.107597000326052,60.44995109227258,100.0,2024-07-19,21
56,1406,2495,647.2317270951604,0.0,0.0,18.75751503006012,2024-07-19,21
57,2196,5249,443.8981887919542,3.6578395884930464,20.689655172413794,57.07753857877691,2024-07-19,21
58,2027,4649,200.697092185947,19.6816519681652,56.764895676489566,100.0,2024-07-19,21
59,314,576,109.72777632045546,49.13194444444444,100.0,100.0,2024-07-19,21
60,1030,1918,153.05824329396802,32.22106360792492,82.22106360792493,100.0,2024-07-19,21
61,2298,4746,534.6092134474554,1.9806152549515381,6.531816266329541,43.80530973451327,2024-07-19,21
62,1313,1907,183.88227891747115,20.975353959098058,76.1929732564237,100.0,2024-07-19,21
63,1146,2455,154.11868159983146,22.362525458248474,88.06517311608961,100.0,2024-07-19,21
64,2284,4458,238.00313469473602,16.375056078959176,60.96904441453567,91.67788245850157,2024-07-19,21
65,3004,6050,442.78412488442376,1.371900826446281,18.03305785123967,61.98347107438017,2024-07-19,21
66,2169,4253,553.0986760721765,0.0,0.0,31.366094521514228,2024-07-19,21
67,1225,2632,556.6882309105921,0.0,5.813069908814589,38.183890577507604,2024-07-19,21
68,921,1801,561.8303098281447,0.0,0.0,26.65186007773459,2024-07-19,21
69,1057,1853,376.0342080336912,4.155423637344846,11.76470588235294,86.77819751753913,2024-07-19,21
70,1369,2573,394.9672961599851,1.2436844150796735,11.69840652934318,81.61678973960358,2024-07-19,21
71,1514,3024,321.5708957299251,0.8267195767195766,19.17989417989418,100.0,2024-07-19,21
72,846,2081,239.21266252872064,3.8923594425756844,61.172513214800574,100.0,2024-07-19,21
73,1409,3470,311.6220143219432,2.420749279538905,30.547550432276655,96.68587896253602,2024-07-19,21
74,3542,8463,272.8308182310088,5.730828311473473,42.73898144865887,96.14793808342196,2024-07-19,21
75,1467,3612,390.2349305112315,1.8549280177187155,15.337763012181615,79.9280177187154,2024-07-19,21
76,1232,3420,475.0701410725518,3.625730994152047,14.269005847953217,51.11111111111111,2024-07-19,21
77,1757,4759,789.1995458722683,0.0,0.0,5.778524900189115,2024-07-19,21
78,474,943,851.1257423535121,13.57370095440085,13.891834570519618,27.67762460233298,2024-07-19,21
79,959,3124,289.52811417249796,8.25864276568502,36.93982074263765,99.8719590268886,2024-07-19,21
80,1903,3627,597.2488823325195,0.0,1.8748276812792941,24.95175075820237,2024-07-19,21
81,1180,3537,469.84299448025416,1.4984450098953916,6.361323155216285,56.54509471303364,2024-07-19,21
82,11,101,146.72399224190454,0.0,99.00990099009901,99.00990099009901,2024-07-19,21
83,900,1763,985.8033192539108,0.0,0.0,0.0,2024-07-19,21
84,1296,3323,311.8691676004824,8.245561239843514,37.13511886849233,86.45801986157086,2024-07-19,21
85,1112,3224,588.2788912897852,3.4429280397022333,13.089330024813894,33.71588089330025,2024-07-19,21
86,1164,2420,526.5107614225666,0.0,0.0,39.710743801652896,2024-07-19,21
87,1011,1723,414.1766185260406,0.0,23.50551363900174,67.61462565293094,2024-07-19,21
88,831,3238,374.37084402972835,0.0,30.543545398394073,73.78011117974059,2024-07-19,21
89,1762,3735,601.270906007301,4.551539491298527,14.67202141900937,27.443105756358772,2024-07-19,21
90,1350,1613,1299.6929236481567,0.0,0.0,0.0,2024-07-19,21
91,1961,3517,926.39867049376,0.0,0.0,1.2510662496445835,2024-07-19,21
92,2332,5184,312.6014286243512,2.9320987654320985,34.62577160493827,92.97839506172839,2024-07-19,21
93,1752,3924,392.8740420859701,3.4403669724770642,17.252803261977572,74.54128440366972,2024-07-19,21
94,1547,1902,561.0936770372281,21.451104100946374,21.92429022082019,38.380651945320714,2024-07-19,21
95,1261,1556,450.07398835908316,0.3213367609254499,20.629820051413883,54.88431876606684,2024-07-19,21
96,2543,3155,381.46971439825717,5.26148969889065,30.459587955625988,75.87955625990492,2024-07-19,21
97,1025,1066,577.2714335481935,0.0,0.0,31.801125703564725,2024-07-19,21
98,63,63,1351.8294678330644,0.0,0.0,0.0,2024-07-19,21
99,0,0,,,,,2024-07-19,21
100,188,350,2323.7366740179123,0.0,0.0,0.0,2024-07-19,21
101,635,668,1177.6199067863752,0.0,0.0,0.0,2024-07-19,21
102,0,0,,,,,2024-07-19,21
103,2089,2686,1847.7459706507477,0.0,0.0,0.0,2024-07-19,21
104,1751,2032,1604.5581014885563,0.0,0.0,0.0,2024-07-19,21
105,1555,1672,2085.2630433848744,0.0,0.0,0.0,2024-07-19,21
106,1029,1100,2857.0190342329106,0.0,0.0,0.0,2024-07-19,21
107,32,32,2225.3513276063345,0.0,0.0,0.0,2024-07-19,21
108,0,0,,,,,2024-07-19,21
109,943,999,760.7395143134336,0.0,0.0,0.0,2024-07-19,21
110,902,998,826.125952566327,0.0,0.0,0.0,2024-07-19,21
111,1114,1315,665.4508578157128,0.0,0.0,25.627376425855513,2024-07-19,21
112,1353,1484,717.6043566988455,0.0,0.0,0.9433962264150944,2024-07-19,21
113,145,334,699.3441330296827,0.0,0.0,6.287425149700598,2024-07-19,21
114,1589,2201,1027.8864144219942,0.0,0.0,0.0,2024-07-19,21
115,263,269,999.5466271955853,0.0,0.0,0.0,2024-07-19,21
116,46,62,270.81404833207205,27.419354838709676,48.38709677419355,100.0,2024-07-19,21
117,74,99,432.1280579665141,0.0,0.0,74.74747474747475,2024-07-19,21
118,53,68,1441.659738785103,0.0,0.0,0.0,2024-07-19,21
119,431,616,1916.944411932452,0.0,0.0,0.0,2024-07-19,21
120,828,2075,1636.3494444252367,0.0,0.0,0.0,2024-07-19,21
121,156,1249,1623.7377933346793,0.0,0.0,0.0,2024-07-19,21
122,178,1002,2202.229210279777,0.0,0.0,0.0,2024-07-19,21
123,2,2,1287.8732486633194,0.0,0.0,0.0,2024-07-19,21
124,172,1505,1683.1270715102078,0.0,0.0,0.0,2024-07-19,21
125,260,1342,2132.642702278107,0.0,0.0,0.0,2024-07-19,21
126,717,2197,2346.55396765263,0.0,0.0,0.0,2024-07-19,21
127,0,0,,,,,2024-07-19,21
128,46,345,1635.144355485216,0.0,0.0,0.0,2024-07-19,21
129,1327,1569,934.8013541607448,0.0,0.0,0.0,2024-07-19,21
130,133,424,1355.0095853760122,0.0,0.0,0.0,2024-07-19,21
131,1087,2247,1565.7506513130725,0.0,0.0,0.0,2024-07-19,21
132,1066,3263,1756.3067368804889,0.0,0.0,0.0,2024-07-19,21
133,285,302,1002.5852489129961,0.0,0.0,0.0,2024-07-19,21
134,7,7,1857.8361539627447,0.0,0.0,0.0,2024-07-19,21
135,160,165,2487.427243002118,0.0,0.0,0.0,2024-07-19,21
136,4,4,1494.6281227601405,0.0,0.0,0.0,2024-07-19,21
137,299,299,2579.162935505664,0.0,0.0,0.0,2024-07-19,21
138,228,228,3318.998444668932,0.0,0.0,0.0,2024-07-19,21
139,552,564,2491.6535685404688,0.0,0.0,0.0,2024-07-19,21
140,92,92,1127.4885664046055,0.0,0.0,0.0,2024-07-19,21
141,309,309,2788.6357916089783,0.0,0.0,0.0,2024-07-19,21
142,191,193,3072.0195949161844,0.0,0.0,0.0,2024-07-19,21
143,526,526,2248.654609075252,0.0,0.0,0.0,2024-07-19,21
144,207,207,2004.5741952344283,0.0,0.0,0.0,2024-07-19,21
145,2,2,2325.089000557885,0.0,0.0,0.0,2024-07-19,21
146,0,0,,,,,2024-07-19,21
147,38,38,1285.6400560155842,0.0,0.0,0.0,2024-07-19,21
148,447,476,659.855977618666,0.0,0.0,1.2605042016806722,2024-07-19,21
149,1380,1391,684.4656353832696,0.0,0.0,10.783608914450037,2024-07-19,21
150,945,945,1887.3217521938461,0.0,0.0,0.0,2024-07-19,21
151,34,34,854.2357277268457,0.0,0.0,0.0,2024-07-19,21
152,23,24,1320.60170964322,0.0,0.0,0.0,2024-07-19,21
153,60,60,2168.9538525577245,0.0,0.0,0.0,2024-07-19,21
154,122,122,1079.9532926908432,0.0,0.0,0.0,2024-07-19,21
155,624,624,688.8106630295866,0.0,0.0,4.166666666666666,2024-07-19,21
156,0,0,,,,,2024-07-19,21
157,0,0,,,,,2024-07-19,21
158,138,139,1320.5911842495036,0.0,0.0,0.0,2024-07-19,21
159,238,238,1177.3876899762286,0.0,0.0,0.0,2024-07-19,21
160,299,299,1413.1717911499184,0.0,0.0,0.0,2024-07-19,21
161,391,391,271.647955350669,3.8363171355498724,39.89769820971867,100.0,2024-07-19,21
162,315,315,611.7654717489477,0.0,0.0,24.444444444444443,2024-07-19,21
163,498,498,620.8134481978044,0.0,0.0,10.843373493975903,2024-07-19,21
164,527,527,875.9758417299139,0.0,0.0,0.0,2024-07-19,21
165,1111,1111,482.68234073463526,0.0,14.581458145814583,57.78577857785778,2024-07-19,21
166,1425,1425,1235.1425529293701,0.0,0.0,0.0,2024-07-19,21
167,1665,1729,1502.6293595333627,0.0,0.0,0.0,2024-07-19,21
168,1154,1211,1439.5922286190314,0.0,0.0,0.0,2024-07-19,21
169,1200,1243,881.7517518113316,0.0,0.0,0.0,2024-07-19,21
170,2355,2411,1028.2798474842152,0.0,0.0,0.0,2024-07-19,21
171,498,498,1266.1525897649262,0.0,0.0,0.0,2024-07-19,21
172,1794,1794,932.456692065543,0.0,0.0,0.0,2024-07-19,21
173,1583,1583,1042.1295370888213,0.0,0.0,0.0,2024-07-19,21
174,1154,1187,1261.771360504838,0.0,0.0,0.0,2024-07-19,21
175,150,160,1134.6551917708919,0.0,0.0,0.0,2024-07-19,21
176,824,824,984.4901205012465,0.0,0.0,0.0,2024-07-19,21
177,1697,1697,1767.1422228121435,0.0,0.0,0.0,2024-07-19,21
178,1430,1430,1785.4366583275446,0.0,0.0,0.0,2024-07-19,21
179,646,646,2288.9947558537165,0.0,0.0,0.0,2024-07-19,21
180,611,611,2190.694516219413,0.0,0.0,0.0,2024-07-19,21
0,0,0,,,,,2024-07-19,22
1,1,1,2568.1078748651607,0.0,0.0,0.0,2024-07-19,22
2,0,0,,,,,2024-07-19,22
3,2265,4088,256.3505608887966,16.14481409001957,51.17416829745597,93.4931506849315,2024-07-19,22
4,316,662,369.77252960527613,0.0,24.47129909365559,81.57099697885197,2024-07-19,22
5,478,676,754.1658853247873,0.0,18.34319526627219,25.443786982248522,2024-07-19,22
6,551,774,331.07091487472064,0.0,30.103359173126616,91.98966408268734,2024-07-19,22
7,604,1293,405.9896031744198,3.3255993812838365,25.135344160866204,64.96519721577727,2024-07-19,22
8,820,1803,200.52901672929957,16.638935108153078,68.71880199667221,100.0,2024-07-19,22
9,1293,1758,481.50761789373354,4.778156996587031,12.343572241183162,55.23321956769056,2024-07-19,22
10,698,1136,619.0645674256588,0.0,0.0,26.496478873239436,2024-07-19,22
11,856,1084,288.3908241078854,13.376383763837637,39.11439114391143,93.35793357933579,2024-07-19,22
12,2030,3678,638.9380334113422,0.0,0.3262642740619902,16.666666666666664,2024-07-19,22
13,302,455,645.8380137982102,0.0,0.0,14.725274725274726,2024-07-19,22
14,1033,1764,351.2461809506957,8.560090702947845,33.50340136054422,75.28344671201815,2024-07-19,22
15,1810,2948,341.68005099918815,4.1383989145183175,29.00271370420624,87.10990502035278,2024-07-19,22
16,1846,3146,365.15589258613164,3.9097266369993644,23.585505403687222,82.67641449459632,2024-07-19,22
17,1167,2213,654.8997768118847,0.0,0.0,10.167193854496158,2024-07-19,22
18,593,940,349.5307755981849,3.2978723404255317,25.957446808510635,81.27659574468085,2024-07-19,22
19,1646,2719,682.0982777488107,0.0,0.0,17.8742184626701,2024-07-19,22
20,3441,5180,232.38452026164424,9.420849420849422,63.62934362934362,95.8108108108108,2024-07-19,22
21,1224,2289,338.1328752170642,5.548274355613805,26.86762778505898,89.64613368283094,2024-07-19,22
22,254,407,307.828639178853,0.0,28.255528255528255,94.34889434889435,2024-07-19,22
23,785,1634,271.4136361754312,7.037943696450428,29.68176254589963,100.0,2024-07-19,22
24,1765,3033,365.70882672570207,2.90141773821299,29.244971974942302,76.03033300362677,2024-07-19,22
25,653,1107,610.4777648420228,0.0,0.0,5.691056910569105,2024-07-19,22
26,1323,3207,514.2177234612715,1.3719987527284068,8.325537885874649,44.43405051449953,2024-07-19,22
27,1521,3433,245.55827856885418,8.476551121468104,47.45120885522866,100.0,2024-07-19,22
28,1773,2076,404.6786782495389,1.348747591522158,13.342967244701349,72.54335260115607,2024-07-19,22
29,100,210,273.12419111301216,0.0,48.095238095238095,98.09523809523809,2024-07-19,22
30,1031,2968,461.17334652176885,0.0,11.691374663072777,58.55795148247979,2024-07-19,22
31,550,550,677.1772489278928,0.0,0.0,38.18181818181819,2024-07-19,22
32,655,1002,294.58876014547286,11.87624750499002,53.39321357285429,84.73053892215569,2024-07-19,22
33,2374,3319,1002.0696338282796,0.0,0.030129557095510694,9.701717384754444,2024-07-19,22
34,157,201,625.181669977129,0.0,0.0,0.9950248756218906,2024-07-19,22
35,3724,5534,415.4033876515418,4.029634983736899,22.35272858691724,66.84134441633537,2024-07-19,22
36,1596,2997,284.18174284987987,7.340674007340674,42.34234234234234,97.16383049716383,2024-07-19,22
37,346,1194,294.40805206214424,0.0,22.529313232830823,100.0,2024-07-19,22
38,2317,3640,519.2693238987534,0.0,0.8791208791208791,44.83516483516484,2024-07-19,22
39,844,1995,492.60328959402136,10.025062656641603,15.037593984962406,40.6015037593985,2024-07-19,22
40,401,1166,377.75169828053845,0.0,24.78559176672384,69.55403087478558,2024-07-19,22
41,687,2180,222.21184073951434,10.825688073394495,59.22018348623853,100.0,2024-07-19,22
42,2008,3202,337.8620120913353,4.62211118051218,24.45346658338538,93.8163647720175,2024-07-19,22
43,643,1314,330.6135514774951,1.750380517503805,22.526636225266362,97.86910197869102,2024-07-19,22
44,1650,3794,333.2039694153681,2.345809172377438,24.85503426462836,92.17185028993147,2024-07-19,22
45,3476,6025,296.46314548459736,6.821576763485478,40.09958506224066,90.53941908713693,2024-07-19,22
46,2039,3491,439.16795246939665,2.0910913778287026,18.963047837295903,54.82669722142652,2024-07-19,22
47,2382,4047,310.73421071769906,9.883864591055103,28.218433407462317,96.54064739313071,2024-07-19,22
48,3976,7160,196.23565811840456,15.656424581005588,75.41899441340783,100.0,2024-07-19,22
49,676,1187,215.1943353612418,2.864363942712721,67.98652064026959,100.0,2024-07-19,22
50,135,420,435.48245391748287,23.333333333333332,36.904761904761905,50.95238095238095,2024-07-19,22
51,853,2982,667.4492486018333,0.0,1.4419852448021462,29.912810194500334,2024-07-19,22
52,538,1590,245.45437938473827,10.817610062893083,50.44025157232704,99.87421383647799,2024-07-19,22
53,285,377,1144.7089695994887,0.0,0.0,0.5305039787798408,2024-07-19,22
54,1292,3880,344.94574699257566,3.556701030927835,30.103092783505154,82.91237113402062,2024-07-19,22
55,1020,3067,248.7881535567137,10.107597000326052,60.44995109227258,100.0,2024-07-19,22
56,1406,2495,647.2317270951604,0.0,0.0,18.75751503006012,2024-07-19,22
57,2196,5249,443.8981887919542,3.6578395884930464,20.689655172413794,57.07753857877691,2024-07-19,22
58,2027,4649,164.1700053250479,25.70445257044526,82.25424822542482,100.0,2024-07-19,22
59,314,576,109.72777632045546,49.13194444444444,100.0,100.0,2024-07-19,22
60,1030,1918,153.05824329396802,32.22106360792492,82.22106360792493,100.0,2024-07-19,22
61,2298,4746,201.66630608256497,12.052254530130636,70.35398230088495,100.0,2024-07-19,22
62,1313,1907,181.2687256048997,20.975353959098058,76.1929732564237,100.0,2024-07-19,22
63,1146,2455,154.11868159983146,22.362525458248474,88.06517311608961,100.0,2024-07-19,22
64,2284,4458,188.2387530016664,18.48362494392104,73.12696276357111,100.0,2024-07-19,22
65,3004,6050,341.320590302311,4.776859504132231,32.77685950413223,83.900826446281,2024-07-19,22
66,2169,4253,509.515780122694,0.0,1.9985892311309663,48.45991065130496,2024-07-19,22
67,1225,2632,556.6882309105921,0.0,5.813069908814589,38.183890577507604,2024-07-19,22
68,921,1801,537.925115575536,0.0,0.0,30.038867295946698,2024-07-19,22
69,1057,1853,376.0342080336912,4.155423637344846,11.76470588235294,86.77819751753913,2024-07-19,22
70,1369,2573,394.9672961599851,1.2436844150796735,11.69840652934318,81.61678973960358,2024-07-19,22
71,1514,3024,321.5708957299251,0.8267195767195766,19.17989417989418,100.0,2024-07-19,22
72,846,2081,239.21266252872064,3.8923594425756844,61.172513214800574,100.0,2024-07-19,22
73,1409,3470,311.6220143219432,2.420749279538905,30.547550432276655,96.68587896253602,2024-07-19,22
74,3542,8463,272.8308182310088,5.730828311473473,42.73898144865887,96.14793808342196,2024-07-19,22
75,1467,3612,390.2349305112315,1.8549280177187155,15.337763012181615,79.9280177187154,2024-07-19,22
76,1232,3420,475.0701410725518,3.625730994152047,14.269005847953217,51.11111111111111,2024-07-19,22
77,1757,4759,789.1995458722683,0.0,0.0,5.778524900189115,2024-07-19,22
78,474,943,851.1257423535121,13.57370095440085,13.891834570519618,27.67762460233298,2024-07-19,22
79,959,3124,289.52811417249796,8.25864276568502,36.93982074263765,99.8719590268886,2024-07-19,22
80,1903,3627,597.2488823325195,0.0,1.8748276812792941,24.95175075820237,2024-07-19,22
81,1180,3537,469.84299448025416,1.4984450098953916,6.361323155216285,56.54509471303364,2024-07-19,22
82,11,101,146.72399224190454,0.0,99.00990099009901,99.00990099009901,2024-07-19,22
83,900,1763,985.8033192539108,0.0,0.0,0.0,2024-07-19,22
84,1296,3323,311.8691676004824,8.245561239843514,37.13511886849233,86.45801986157086,2024-07-19,22
85,1112,3224,588.2788912897852,3.4429280397022333,13.089330024813894,33.71588089330025,2024-07-19,22
86,1164,2420,526.5107614225666,0.0,0.0,39.710743801652896,2024-07-19,22
87,1011,1723,414.1766185260406,0.0,23.50551363900174,67.61462565293094,2024-07-19,22
88,831,3238,341.0524022785726,0.0,30.543545398394073,90.30265596046942,2024-07-19,22
89,1762,3735,601.270906007301,4.551539491298527,14.67202141900937,27.443105756358772,2024-07-19,22
90,1350,1613,1299.6929236481567,0.0,0.0,0.0,2024-07-19,22
91,1961,3517,926.39867049376,0.0,0.0,1.2510662496445835,2024-07-19,22
92,2332,5184,312.6014286243512,2.9320987654320985,34.62577160493827,92.97839506172839,2024-07-19,22
93,1752,3924,392.8740420859701,3.4403669724770642,17.252803261977572,74.54128440366972,2024-07-19,22
94,1547,1902,561.0936770372281,21.451104100946374,21.92429022082019,38.380651945320714,2024-07-19,22
95,1261,1556,450.07398835908316,0.3213367609254499,20.629820051413883,54.88431876606684,2024-07-19,22
96,2543,3155,381.46971439825717,5.26148969889065,30.459587955625988,75.87955625990492,2024-07-19,22
97,1025,1066,577.2714335481935,0.0,0.0,31.801125703564725,2024-07-19,22
98,63,63,1351.8294678330644,0.0,0.0,0.0,2024-07-19,22
99,0,0,,,,,2024-07-19,22
100,188,350,2323.7366740179123,0.0,0.0,0.0,2024-07-19,22
101,635,668,1177.6199067863752,0.0,0.0,0.0,2024-07-19,22
102,0,0,,,,,2024-07-19,22
103,2089,2686,1847.7459706507477,0.0,0.0,0.0,2024-07-19,22
104,1751,2032,1604.5581014885563,0.0,0.0,0.0,2024-07-19,22
105,1555,1672,2085.2630433848744,0.0,0.0,0.0,2024-07-19,22
106,1029,1100,2857.0190342329106,0.0,0.0,0.0,2024-07-19,22
107,32,32,2225.3513276063345,0.0,0.0,0.0,2024-07-19,22
108,0,0,,,,,2024-07-19,22
109,943,999,760.7395143134336,0.0,0.0,0.0,2024-07-19,22
110,902,998,826.125952566327,0.0,0.0,0.0,2024-07-19,22
111,1114,1315,665.4508578157128,0.0,0.0,25.627376425855513,2024-07-19,22
112,1353,1484,717.6043566988455,0.0,0.0,0.9433962264150944,2024-07-19,22
113,145,334,699.3441330296827,0.0,0.0,6.287425149700598,2024-07-19,22
114,1589,2201,1027.8864144219942,0.0,0.0,0.0,2024-07-19,22
115,263,269,999.5466271955853,0.0,0.0,0.0,2024-07-19,22
116,46,62,270.81404833207205,27.419354838709676,48.38709677419355,100.0,2024-07-19,22
117,74,99,432.1280579665141,0.0,0.0,74.74747474747475,2024-07-19,22
118,53,68,1441.659738785103,0.0,0.0,0.0,2024-07-19,22
119,431,616,1916.944411932452,0.0,0.0,0.0,2024-07-19,22
120,828,2075,1636.3494444252367,0.0,0.0,0.0,2024-07-19,22
121,156,1249,1623.7377933346793,0.0,0.0,0.0,2024-07-19,22
122,178,1002,2202.229210279777,0.0,0.0,0.0,2024-07-19,22
123,2,2,1287.8732486633194,0.0,0.0,0.0,2024-07-19,22
124,172,1505,1683.1270715102078,0.0,0.0,0.0,2024-07-19,22
125,260,1342,2132.642702278107,0.0,0.0,0.0,2024-07-19,22
126,717,2197,2346.55396765263,0.0,0.0,0.0,2024-07-19,22
127,0,0,,,,,2024-07-19,22
128,46,345,1635.144355485216,0.0,0.0,0.0,2024-07-19,22
129,1327,1569,934.8013541607448,0.0,0.0,0.0,2024-07-19,22
130,133,424,1355.0095853760122,0.0,0.0,0.0,2024-07-19,22
131,1087,2247,1565.7506513130725,0.0,0.0,0.0,2024-07-19,22
132,1066,3263,1756.3067368804889,0.0,0.0,0.0,2024-07-19,22
133,285,302,1002.5852489129961,0.0,0.0,0.0,2024-07-19,22
134,7,7,1857.8361539627447,0.0,0.0,0.0,2024-07-19,22
135,160,165,2487.427243002118,0.0,0.0,0.0,2024-07-19,22
136,4,4,1494.6281227601405,0.0,0.0,0.0,2024-07-19,22
137,299,299,2579.162935505664,0.0,0.0,0.0,2024-07-19,22
138,228,228,3318.998444668932,0.0,0.0,0.0,2024-07-19,22
139,552,564,2491.6535685404688,0.0,0.0,0.0,2024-07-19,22
140,92,92,1127.4885664046055,0.0,0.0,0.0,2024-07-19,22
141,309,309,2788.6357916089783,0.0,0.0,0.0,2024-07-19,22
142,191,193,3072.0195949161844,0.0,0.0,0.0,2024-07-19,22
143,526,526,2248.654609075252,0.0,0.0,0.0,2024-07-19,22
144,207,207,2004.5741952344283,0.0,0.0,0.0,2024-07-19,22
145,2,2,2325.089000557885,0.0,0.0,0.0,2024-07-19,22
146,0,0,,,,,2024-07-19,22
147,38,38,1285.6400560155842,0.0,0.0,0.0,2024-07-19,22
148,447,476,659.855977618666,0.0,0.0,1.2605042016806722,2024-07-19,22
149,1380,1391,684.4656353832696,0.0,0.0,10.783608914450037,2024-07-19,22
150,945,945,1887.3217521938461,0.0,0.0,0.0,2024-07-19,22
151,34,34,854.2357277268457,0.0,0.0,0.0,2024-07-19,22
152,23,24,1320.60170964322,0.0,0.0,0.0,2024-07-19,22
153,60,60,2168.9538525577245,0.0,0.0,0.0,2024-07-19,22
154,122,122,1079.9532926908432,0.0,0.0,0.0,2024-07-19,22
155,624,624,688.8106630295866,0.0,0.0,4.166666666666666,2024-07-19,22
156,0,0,,,,,2024-07-19,22
157,0,0,,,,,2024-07-19,22
158,138,139,1320.5911842495036,0.0,0.0,0.0,2024-07-19,22
159,238,238,1177.3876899762286,0.0,0.0,0.0,2024-07-19,22
160,299,299,1413.1717911499184,0.0,0.0,0.0,2024-07-19,22
161,391,391,271.647955350669,3.8363171355498724,39.89769820971867,100.0,2024-07-19,22
162,315,315,611.7654717489477,0.0,0.0,24.444444444444443,2024-07-19,22
163,498,498,620.8134481978044,0.0,0.0,10.843373493975903,2024-07-19,22
164,527,527,875.9758417299139,0.0,0.0,0.0,2024-07-19,22
165,1111,1111,482.68234073463526,0.0,14.581458145814583,57.78577857785778,2024-07-19,22
166,1425,1425,1235.1425529293701,0.0,0.0,0.0,2024-07-19,22
167,1665,1729,1502.6293595333627,0.0,0.0,0.0,2024-07-19,22
168,1154,1211,1439.5922286190314,0.0,0.0,0.0,2024-07-19,22
169,1200,1243,881.7517518113316,0.0,0.0,0.0,2024-07-19,22
170,2355,2411,1028.2798474842152,0.0,0.0,0.0,2024-07-19,22
171,498,498,1266.1525897649262,0.0,0.0,0.0,2024-07-19,22
172,1794,1794,932.456692065543,0.0,0.0,0.0,2024-07-19,22
173,1583,1583,1042.1295370888213,0.0,0.0,0.0,2024-07-19,22
174,1154,1187,1261.771360504838,0.0,0.0,0.0,2024-07-19,22
175,150,160,1134.6551917708919,0.0,0.0,0.0,2024-07-19,22
176,824,824,984.4901205012465,0.0,0.0,0.0,2024-07-19,22
177,1697,1697,1767.1422228121435,0.0,0.0,0.0,2024-07-19,22
178,1430,1430,1785.4366583275446,0.0,0.0,0.0,2024-07-19,22
179,646,646,2288.9947558537165,0.0,0.0,0.0,2024-07-19,22
180,611,611,2190.694516219413,0.0,0.0,0.0,2024-07-19,22
0,0,0,,,,,2024-07-19,23
1,1,1,2568.1078748651607,0.0,0.0,0.0,2024-07-19,23
2,0,0,,,,,2024-07-19,23
3,2265,4088,224.41397025552428,25.83170254403131,62.69569471624267,93.4931506849315,2024-07-19,23
4,316,662,369.77252960527613,0.0,24.47129909365559,81.57099697885197,2024-07-19,23
5,478,676,754.1658853247873,0.0,18.34319526627219,25.443786982248522,2024-07-19,23
6,551,774,331.07091487472064,0.0,30.103359173126616,91.98966408268734,2024-07-19,23
7,604,1293,405.9896031744198,3.3255993812838365,25.135344160866204,64.96519721577727,2024-07-19,23
8,820,1803,200.52901672929957,16.638935108153078,68.71880199667221,100.0,2024-07-19,23
9,1293,1758,481.50761789373354,4.778156996587031,12.343572241183162,55.23321956769056,2024-07-19,23
10,698,1136,619.0645674256588,0.0,0.0,26.496478873239436,2024-07-19,23
11,856,1084,288.3908241078854,13.376383763837637,39.11439114391143,93.35793357933579,2024-07-19,23
12,2030,3678,638.9328043453603,0.0,0.3262642740619902,16.666666666666664,2024-07-19,23
13,302,455,645.8380137982102,0.0,0.0,14.725274725274726,2024-07-19,23
14,1033,1764,831.7924156345757,0.0,0.0,0.0,2024-07-19,23
15,1810,2948,329.3244755963106,13.738127544097695,52.74762550881954,69.8100407055631,2024-07-19,23
16,1846,3146,640.768753265161,0.0,2.670057215511761,36.4907819453274,2024-07-19,23
17,1167,2213,787.8506231605759,0.0,0.0,0.0,2024-07-19,23
18,593,940,350.84033714408343,3.2978723404255317,25.957446808510635,81.27659574468085,2024-07-19,23
19,1646,2719,622.5959546206,0.0,5.627068775285031,36.99889665318132,2024-07-19,23
20,3441,5180,227.4046928441582,9.420849420849422,66.94980694980694,95.8108108108108,2024-07-19,23
21,1224,2289,248.89337575655856,13.936216688510267,56.181738750546096,92.57317605941459,2024-07-19,23
22,254,407,296.5186603651635,0.0,28.501228501228503,100.0,2024-07-19,23
23,785,1634,271.4136361754312,7.037943696450428,29.68176254589963,100.0,2024-07-19,23
24,1765,3033,310.4160107719226,5.868776788658094,37.223870755028024,92.51566106165512,2024-07-19,23
25,653,1107,688.5153029555685,0.0,0.0,5.691056910569105,2024-07-19,23
26,1323,3207,537.9667137710322,1.3719987527284068,8.325537885874649,44.43405051449953,2024-07-19,23
27,1521,3433,245.55827856885418,8.476551121468104,47.45120885522866,100.0,2024-07-19,23
28,1773,2076,621.1786873589215,0.6262042389210019,5.491329479768786,38.58381502890174,2024-07-19,23
29,100,210,273.12419111301216,0.0,48.095238095238095,98.09523809523809,2024-07-19,23
30,1031,2968,461.17334652176885,0.0,11.691374663072777,58.55795148247979,2024-07-19,23
31,550,550,677.1772489278928,0.0,0.0,38.18181818181819,2024-07-19,23
32,655,1002,294.58876014547286,11.87624750499002,53.39321357285429,84.73053892215569,2024-07-19,23
33,2374,3319,1002.0696338282796,0.0,0.030129557095510694,9.701717384754444,2024-07-19,23
34,157,201,625.181669977129,0.0,0.0,0.9950248756218906,2024-07-19,23
35,3724,5534,415.4033876515418,4.029634983736899,22.35272858691724,66.84134441633537,2024-07-19,23
36,1596,2997,284.18174284987987,7.340674007340674,42.34234234234234,97.16383049716383,2024-07-19,23
37,346,1194,294.40805206214424,0.0,22.529313232830823,100.0,2024-07-19,23
38,2317,3640,519.2693238987534,0.0,0.8791208791208791,44.83516483516484,2024-07-19,23
39,844,1995,492.60328959402136,10.025062656641603,15.037593984962406,40.6015037593985,2024-07-19,23
40,401,1166,377.75169828053845,0.0,24.78559176672384,69.55403087478558,2024-07-19,23
41,687,2180,222.21184073951434,10.825688073394495,59.22018348623853,100.0,2024-07-19,23
42,2008,3202,337.8620120913353,4.62211118051218,24.45346658338538,93.8163647720175,2024-07-19,23
43,643,1314,330.6135514774951,1.750380517503805,22.526636225266362,97.86910197869102,2024-07-19,23
44,1650,3794,324.65786834958266,2.345809172377438,27.253558249868213,92.25092250922509,2024-07-19,23
45,3476,6025,187.77627106442685,12.630705394190873,77.56016597510373,100.0,2024-07-19,23
46,2039,3491,262.1592734977758,7.619593239759381,45.03007734173589,98.9401317674019,2024-07-19,23
47,2382,4047,287.38501785778476,9.883864591055103,31.010625154435385,100.0,2024-07-19,23
48,3976,7160,165.83331242361345,22.164804469273744,83.19832402234637,100.0,2024-07-19,23
49,676,1187,215.1943353612418,2.864363942712721,67.98652064026959,100.0,2024-07-19,23
50,135,420,385.6041811481382,34.285714285714285,36.904761904761905,55.47619047619048,2024-07-19,23
51,853,2982,667.4492486018333,0.0,1.4419852448021462,29.912810194500334,2024-07-19,23
52,538,1590,245.45437938473827,10.817610062893083,50.44025157232704,99.87421383647799,2024-07-19,23
53,285,377,1144.7089695994887,0.0,0.0,0.5305039787798408,2024-07-19,23
54,1292,3880,344.94574699257566,3.556701030927835,30.103092783505154,82.91237113402062,2024-07-19,23
55,1020,3067,244.18673859274878,10.335833061623736,63.87349201173785,100.0,2024-07-19,23
56,1406,2495,607.3074195265153,0.0,2.124248496993988,29.098196392785567,2024-07-19,23
57,2196,5249,443.8981887919542,3.6578395884930464,20.689655172413794,57.07753857877691,2024-07-19,23
58,2027,4649,158.4932796351586,25.70445257044526,85.26564852656485,100.0,2024-07-19,23
59,314,576,109.72777632045546,49.13194444444444,100.0,100.0,2024-07-19,23
60,1030,1918,153.05824329396802,32.22106360792492,82.22106360792493,100.0,2024-07-19,23
61,2298,4746,291.89840996709523,6.131479140328698,32.76443320691108,100.0,2024-07-19,23
62,1313,1907,153.99865153078275,29.94231777661248,85.3696906135291,100.0,2024-07-19,23
63,1146,2455,150.45315157620186,22.688391038696537,88.18737270875764,100.0,2024-07-19,23
64,2284,4458,165.15042514214406,24.58501570210857,82.66038582323912,100.0,2024-07-19,23
65,3004,6050,340.31312055767205,4.776859504132231,32.77685950413223,83.900826446281,2024-07-19,23
66,2169,4253,509.14007961311347,0.0,1.9985892311309663,48.88314131201505,2024-07-19,23
67,1225,2632,556.6252350927211,0.0,5.813069908814589,38.183890577507604,2024-07-19,23
68,921,1801,494.58500485115644,0.0,0.0,51.193781232648526,2024-07-19,23
69,1057,1853,376.0342080336912,4.155423637344846,11.76470588235294,86.77819751753913,2024-07-19,23
70,1369,2573,394.9672961599851,1.2436844150796735,11.69840652934318,81.61678973960358,2024-07-19,23
71,1514,3024,321.5708957299251,0.8267195767195766,19.17989417989418,100.0,2024-07-19,23
72,846,2081,237.1575138757813,3.8923594425756844,61.172513214800574,100.0,2024-07-19,23
73,1409,3470,311.6220143219432,2.420749279538905,30.547550432276655,96.68587896253602,2024-07-19,23
74,3542,8463,272.8308182310088,5.730828311473473,42.73898144865887,96.14793808342196,2024-07-19,23
75,1467,3612,390.2349305112315,1.8549280177187155,15.337763012181615,79.9280177187154,2024-07-19,23
76,1232,3420,475.0701410725518,3.625730994152047,14.269005847953217,51.11111111111111,2024-07-19,23
77,1757,4759,789.1995458722683,0.0,0.0,5.778524900189115,2024-07-19,23
78,474,943,851.1257423535121,13.57370095440085,13.891834570519618,27.67762460233298,2024-07-19,23
79,959,3124,289.52811417249796,8.25864276568502,36.93982074263765,99.8719590268886,2024-07-19,23
80,1903,3627,597.2488823325195,0.0,1.8748276812792941,24.95175075820237,2024-07-19,23
81,1180,3537,469.84299448025416,1.4984450098953916,6.361323155216285,56.54509471303364,2024-07-19,23
82,11,101,146.72399224190454,0.0,99.00990099009901,99.00990099009901,2024-07-19,23
83,900,1763,818.1296735340436,0.0,0.0,0.0,2024-07-19,23
84,1296,3323,311.8691676004824,8.245561239843514,37.13511886849233,86.45801986157086,2024-07-19,23
85,1112,3224,518.0268894762733,3.4429280397022333,13.089330024813894,36.78660049627791,2024-07-19,23
86,1164,2420,526.5107614225666,0.0,0.0,39.710743801652896,2024-07-19,23
87,1011,1723,407.35128223682983,0.0,23.50551363900174,67.61462565293094,2024-07-19,23
88,831,3238,284.47605023751447,0.3088326127239036,46.17047560222359,99.41321803582458,2024-07-19,23
89,1762,3735,455.6567419642933,4.551539491298527,14.67202141900937,49.772423025435074,2024-07-19,23
90,1350,1613,383.455861151536,4.091754494730316,24.240545567265965,73.27960322380656,2024-07-19,23
91,1961,3517,344.4754419653219,4.549331816889395,29.257890247369918,83.45180551606482,2024-07-19,23
92,2332,5184,312.5808021063974,2.9320987654320985,34.62577160493827,93.07484567901234,2024-07-19,23
93,1752,3924,391.97116915158887,3.4403669724770642,17.252803261977572,74.54128440366972,2024-07-19,23
94,1547,1902,452.20096977343013,21.451104100946374,21.92429022082019,48.26498422712934,2024-07-19,23
95,1261,1556,450.07398835908316,0.3213367609254499,20.629820051413883,54.88431876606684,2024-07-19,23
96,2543,3155,381.46971439825717,5.26148969889065,30.459587955625988,75.87955625990492,2024-07-19,23
97,1025,1066,577.2714335481935,0.0,0.0,31.801125703564725,2024-07-19,23
98,63,63,663.1081427981625,0.0,0.0,41.269841269841265,2024-07-19,23
99,0,0,,,,,2024-07-19,23
100,188,350,2202.167937413031,0.0,0.0,0.0,2024-07-19,23
101,635,668,1177.6199067863752,0.0,0.0,0.0,2024-07-19,23
102,0,0,,,,,2024-07-19,23
103,2089,2686,1847.7459706507477,0.0,0.0,0.0,2024-07-19,23
104,1751,2032,1604.5581014885563,0.0,0.0,0.0,2024-07-19,23
105,1555,1672,2085.2630433848744,0.0,0.0,0.0,2024-07-19,23
106,1029,1100,2857.0190342329106,0.0,0.0,0.0,2024-07-19,23
107,32,32,1191.2646193241567,0.0,0.0,0.0,2024-07-19,23
108,0,0,,,,,2024-07-19,23
109,943,999,760.7395143134336,0.0,0.0,0.0,2024-07-19,23
110,902,998,826.125952566327,0.0,0.0,0.0,2024-07-19,23
111,1114,1315,665.4508578157128,0.0,0.0,25.627376425855513,2024-07-19,23
112,1353,1484,717.6043566988455,0.0,0.0,0.9433962264150944,2024-07-19,23
113,145,334,699.3441330296827,0.0,0.0,6.287425149700598,2024-07-19,23
114,1589,2201,1027.8864144219942,0.0,0.0,0.0,2024-07-19,23
115,263,269,999.5466271955853,0.0,0.0,0.0,2024-07-19,23
116,46,62,270.81404833207205,27.419354838709676,48.38709677419355,100.0,2024-07-19,23
117,74,99,432.1280579665141,0.0,0.0,74.74747474747475,2024-07-19,23
118,53,68,746.5347808377136,0.0,0.0,0.0,2024-07-19,23
119,431,616,1342.1530043945236,0.0,0.0,0.0,2024-07-19,23
120,828,2075,1469.331905853658,0.0,0.0,0.0,2024-07-19,23
121,156,1249,1611.576511018916,0.0,0.0,0.0,2024-07-19,23
122,178,1002,1826.3128930027453,0.0,0.0,0.0,2024-07-19,23
123,2,2,938.700028703047,0.0,0.0,0.0,2024-07-19,23
124,172,1505,1576.48590100705,0.0,0.0,0.0,2024-07-19,23
125,260,1342,1952.4905023590309,0.0,0.0,0.0,2024-07-19,23
126,717,2197,2340.702904519191,0.0,0.0,0.0,2024-07-19,23
127,0,0,,,,,2024-07-19,23
128,46,345,1635.144355485216,0.0,0.0,0.0,2024-07-19,23
129,1327,1569,934.8013541607448,0.0,0.0,0.0,2024-07-19,23
130,133,424,1355.0095853760122,0.0,0.0,0.0,2024-07-19,23
131,1087,2247,1565.7506513130725,0.0,0.0,0.0,2024-07-19,23
132,1066,3263,1756.3067368804889,0.0,0.0,0.0,2024-07-19,23
133,285,302,1002.5852489129961,0.0,0.0,0.0,2024-07-19,23
134,7,7,1857.8361539627447,0.0,0.0,0.0,2024-07-19,23
135,160,165,2487.427243002118,0.0,0.0,0.0,2024-07-19,23
136,4,4,1494.6281227601405,0.0,0.0,0.0,2024-07-19,23
137,299,299,2579.162935505664,0.0,0.0,0.0,2024-07-19,23
138,228,228,3318.998444668932,0.0,0.0,0.0,2024-07-19,23
139,552,564,2491.6535685404688,0.0,0.0,0.0,2024-07-19,23
140,92,92,1127.4885664046055,0.0,0.0,0.0,2024-07-19,23
141,309,309,2788.6357916089783,0.0,0.0,0.0,2024-07-19,23
142,191,193,3072.0195949161844,0.0,0.0,0.0,2024-07-19,23
143,526,526,2248.654609075252,0.0,0.0,0.0,2024-07-19,23
144,207,207,2004.5741952344283,0.0,0.0,0.0,2024-07-19,23
145,2,2,2325.089000557885,0.0,0.0,0.0,2024-07-19,23
146,0,0,,,,,2024-07-19,23
147,38,38,1285.6400560155842,0.0,0.0,0.0,2024-07-19,23
148,447,476,659.855977618666,0.0,0.0,1.2605042016806722,2024-07-19,23
149,1380,1391,684.4656353832696,0.0,0.0,10.783608914450037,2024-07-19,23
150,945,945,1887.3217521938461,0.0,0.0,0.0,2024-07-19,23
151,34,34,854.2357277268457,0.0,0.0,0.0,2024-07-19,23
152,23,24,1320.60170964322,0.0,0.0,0.0,2024-07-19,23
153,60,60,2168.9538525577245,0.0,0.0,0.0,2024-07-19,23
154,122,122,1079.9532926908432,0.0,0.0,0.0,2024-07-19,23
155,624,624,688.8106630295866,0.0,0.0,4.166666666666666,2024-07-19,23
156,0,0,,,,,2024-07-19,23
157,0,0,,,,,2024-07-19,23
158,138,139,1320.5911842495036,0.0,0.0,0.0,2024-07-19,23
159,238,238,1177.3876899762286,0.0,0.0,0.0,2024-07-19,23
160,299,299,1413.1717911499184,0.0,0.0,0.0,2024-07-19,23
161,391,391,271.647955350669,3.8363171355498724,39.89769820971867,100.0,2024-07-19,23
162,315,315,611.7654717489477,0.0,0.0,24.444444444444443,2024-07-19,23
163,498,498,620.8134481978044,0.0,0.0,10.843373493975903,2024-07-19,23
164,527,527,875.9758417299139,0.0,0.0,0.0,2024-07-19,23
165,1111,1111,482.68234073463526,0.0,14.581458145814583,57.78577857785778,2024-07-19,23
166,1425,1425,1204.5944117828856,0.0,0.0,0.0,2024-07-19,23
167,1665,1729,993.6277514165447,0.0,0.0,0.0,2024-07-19,23
168,1154,1211,676.5309673178982,0.0,0.0,15.441783649876134,2024-07-19,23
169,1200,1243,881.7517518113316,0.0,0.0,0.0,2024-07-19,23
170,2355,2411,1025.9004093078029,0.0,0.0,0.0,2024-07-19,23
171,498,498,1208.7624632404286,0.0,0.0,0.0,2024-07-19,23
172,1794,1794,783.4503684366555,0.0,0.0,6.41025641025641,2024-07-19,23
173,1583,1583,1041.9792919443346,0.0,0.0,0.0,2024-07-19,23
174,1154,1187,614.4524494094394,0.0,8.256107834877843,40.01684919966302,2024-07-19,23
175,150,160,913.8297200858921,0.0,0.0,0.0,2024-07-19,23
176,824,824,705.5462569737003,0.0,5.703883495145631,25.728155339805824,2024-07-19,23
177,1697,1697,1338.192957738275,0.0,0.0,0.0,2024-07-19,23
178,1430,1430,459.11749443941994,0.0,13.566433566433567,55.8041958041958,2024-07-19,23
179,646,646,2288.9947558537165,0.0,0.0,0.0,2024-07-19,23
180,611,611,2190.694516219413,0.0,0.0,0.0,2024-07-19,23
